ping 4170 
 loc 15.957991 146.034028
 Tx roll -1.054242  pitch 2.045459 heave -0.542000 heading 215.529534
1970 time 1304827266.555000
YMD time  2011 128 Sun May 8 04:01:06 0.555
 Transmit sector  0
----- tilt_angle        - -1.910000
----- focus_range       - 146.700000
----- signal_length     - 0.000300
----- tx_time_offset    - 0.000400
----- center_frequency  - 73000.000000
----- mean_absorp_coeff - 2036
----- waveform_id       - 0
----- sector_id         - 0
----- signal_bandwidth  - 5000.000000
 Transmit sector  1
----- tilt_angle        - -2.910000
----- focus_range       - 101.100000
----- signal_length     - 0.000300
----- tx_time_offset    - 0.000000
----- center_frequency  - 89000.000000
----- mean_absorp_coeff - 2856
----- waveform_id       - 0
----- sector_id         - 1
----- signal_bandwidth  - 5000.000000
 Transmit sector  2
----- tilt_angle        - -1.910000
----- focus_range       - 146.400000
----- signal_length     - 0.000300
----- tx_time_offset    - 0.000800
----- center_frequency  - 73000.000000
----- mean_absorp_coeff - 2036
----- waveform_id       - 0
----- sector_id         - 2
----- signal_bandwidth  - 5000.000000
 beam    across    along    depth  samp#  TWTTsec    SLR  RxStr sc# TxStr  shotdelat cenFQ
   0    -160.10    15.12   -97.92   3300 0.237615  356.4  61.45   0 -1.91  0.000400  73000 
   1    -159.15    15.14   -97.84   3285 0.236535  354.8  61.32   0 -1.91  0.000400  73000 
   2    -158.47    15.17   -97.87   3274 0.235743  353.6  61.20   0 -1.91  0.000400  73000 
   3    -157.70    15.18   -97.89   3263 0.234951  352.4  61.07   0 -1.91  0.000400  73000 
   4    -156.87    15.21   -97.86   3250 0.234015  351.0  60.94   0 -1.91  0.000400  73000 
   5    -156.15    15.23   -97.87   3238 0.233151  349.7  60.82   0 -1.91  0.000400  73000 
   6    -155.22    15.26   -97.78   3223 0.232071  348.1  60.69   0 -1.91  0.000400  73000 
   7    -154.58    15.28   -97.86   3214 0.231423  347.1  60.56   0 -1.91  0.000400  73000 
   8    -153.86    15.30   -97.93   3204 0.230703  346.1  60.42   0 -1.91  0.000400  73000 
   9    -153.00    15.33   -97.86   3190 0.229695  344.5  60.29   0 -1.91  0.000400  73000 
  10    -152.17    15.35   -97.82   3176 0.228687  343.0  60.16   0 -1.91  0.000400  73000 
  11    -151.36    15.38   -97.90   3165 0.227895  341.8  60.00   0 -1.91  0.000400  73000 
  12    -150.46    15.40   -97.80   3150 0.226815  340.2  59.87   0 -1.91  0.000400  73000 
  13    -149.70    15.42   -97.82   3139 0.226022  339.0  59.73   0 -1.91  0.000400  73000 
  14    -148.99    15.45   -97.88   3128 0.225230  337.8  59.59   0 -1.91  0.000400  73000 
  15    -148.19    15.47   -97.87   3116 0.224366  336.5  59.45   0 -1.91  0.000400  73000 
  16    -147.54    15.49   -97.95   3107 0.223718  335.6  59.31   0 -1.91  0.000400  73000 
  17    -146.82    15.51   -97.98   3096 0.222926  334.4  59.17   0 -1.91  0.000400  73000 
  18    -145.84    15.54   -97.85   3080 0.221774  332.7  59.03   0 -1.91  0.000400  73000 
  19    -145.00    15.56   -97.79   3067 0.220838  331.3  58.89   0 -1.91  0.000400  73000 
  20    -144.09    15.58   -97.73   3052 0.219758  329.6  58.74   0 -1.91  0.000400  73000 
  21    -143.53    15.61   -97.86   3045 0.219254  328.9  58.60   0 -1.91  0.000400  73000 
  22    -142.63    15.63   -97.79   3031 0.218246  327.4  58.45   0 -1.91  0.000400  73000 
  23    -141.69    15.66   -97.79   3017 0.217238  325.9  58.27   0 -1.91  0.000400  73000 
  24    -140.94    15.68   -97.82   3006 0.216446  324.7  58.12   0 -1.91  0.000400  73000 
  25    -140.14    15.70   -97.80   2993 0.215510  323.3  57.97   0 -1.91  0.000400  73000 
  26    -139.35    15.73   -97.79   2982 0.214718  322.1  57.82   0 -1.91  0.000400  73000 
  27    -138.67    15.74   -97.84   2972 0.213998  321.0  57.67   0 -1.91  0.000400  73000 
  28    -137.84    15.77   -97.83   2959 0.213062  319.6  57.51   0 -1.91  0.000400  73000 
  29    -136.99    15.79   -97.76   2946 0.212126  318.2  57.36   0 -1.91  0.000400  73000 
  30    -136.25    15.82   -97.79   2935 0.211334  317.0  57.20   0 -1.91  0.000400  73000 
  31    -135.51    15.84   -97.83   2925 0.210613  315.9  57.04   0 -1.91  0.000400  73000 
  32    -134.73    15.86   -97.82   2913 0.209749  314.6  56.88   0 -1.91  0.000400  73000 
  33    -133.75    15.88   -97.68   2897 0.208597  312.9  56.72   0 -1.91  0.000400  73000 
  34    -133.00    15.90   -97.76   2887 0.207877  311.8  56.54   0 -1.91  0.000400  73000 
  35    -132.36    15.93   -97.86   2878 0.207229  310.8  56.38   0 -1.91  0.000400  73000 
  36    -131.62    15.95   -97.86   2867 0.206437  309.7  56.22   0 -1.91  0.000400  73000 
  37    -130.71    15.98   -97.78   2853 0.205429  308.1  56.05   0 -1.91  0.000400  73000 
  38    -129.97    15.99   -97.82   2843 0.204709  307.1  55.88   0 -1.91  0.000400  73000 
  39    -129.05    16.02   -97.73   2828 0.203629  305.4  55.71   0 -1.91  0.000400  73000 
  40    -128.29    16.04   -97.74   2817 0.202837  304.3  55.54   0 -1.91  0.000400  73000 
  41    -127.54    16.06   -97.77   2807 0.202117  303.2  55.37   0 -1.91  0.000400  73000 
  42    -126.79    16.08   -97.78   2796 0.201325  302.0  55.20   0 -1.91  0.000400  73000 
  43    -126.04    16.11   -97.79   2785 0.200533  300.8  55.03   0 -1.91  0.000400  73000 
  44    -125.29    16.13   -97.83   2775 0.199813  299.7  54.85   0 -1.91  0.000400  73000 
  45    -124.55    16.15   -97.88   2765 0.199093  298.6  54.67   0 -1.91  0.000400  73000 
  46    -123.64    16.17   -97.76   2750 0.198013  297.0  54.50   0 -1.91  0.000400  73000 
  47    -122.73    16.20   -97.72   2737 0.197077  295.6  54.30   0 -1.91  0.000400  73000 
  48    -121.88    16.22   -97.70   2724 0.196141  294.2  54.11   0 -1.91  0.000400  73000 
  49    -121.21    16.24   -97.78   2715 0.195493  293.2  53.93   0 -1.91  0.000400  73000 
  50    -120.24    16.26   -97.61   2700 0.194412  291.6  53.75   0 -1.91  0.000400  73000 
  51    -119.58    16.28   -97.71   2691 0.193764  290.6  53.56   0 -1.91  0.000400  73000 
  52    -118.94    16.30   -97.84   2684 0.193260  289.9  53.37   0 -1.91  0.000400  73000 
  53    -118.12    16.33   -97.82   2672 0.192396  288.6  53.18   0 -1.91  0.000400  73000 
  54    -117.32    16.35   -97.80   2660 0.191532  287.3  52.99   0 -1.91  0.000400  73000 
  55    -116.60    16.37   -97.84   2651 0.190884  286.3  52.80   0 -1.91  0.000400  73000 
  56    -115.78    16.39   -97.80   2639 0.190020  285.0  52.61   0 -1.91  0.000400  73000 
  57    -114.88    16.41   -97.72   2625 0.189012  283.5  52.41   0 -1.91  0.000400  73000 
  58    -114.18    16.43   -97.80   2616 0.188364  282.5  52.21   0 -1.91  0.000400  73000 
  59    -113.42    16.46   -97.89   2607 0.187716  281.6  51.99   0 -1.91  0.000400  73000 
  60    -112.54    16.48   -97.80   2594 0.186780  280.2  51.79   0 -1.91  0.000400  73000 
  61    -111.75    16.50   -97.78   2583 0.185988  279.0  51.59   0 -1.91  0.000400  73000 
  62    -111.01    16.52   -97.82   2573 0.185268  277.9  51.39   0 -1.91  0.000400  73000 
  63    -110.25    16.54   -97.85   2563 0.184548  276.8  51.18   0 -1.91  0.000400  73000 
  64    -109.51    16.56   -97.90   2553 0.183828  275.7  50.97   0 -1.91  0.000400  73000 
  65    -108.67    16.58   -97.85   2541 0.182964  274.4  50.76   0 -1.91  0.000400  73000 
  66    -107.86    16.60   -97.82   2530 0.182172  273.3  50.55   0 -1.91  0.000400  73000 
  67    -107.17    16.62   -97.90   2521 0.181524  272.3  50.34   0 -1.91  0.000400  73000 
  68    -106.39    16.64   -97.92   2511 0.180804  271.2  50.12   0 -1.91  0.000400  73000 
  69    -105.56    16.66   -97.86   2499 0.179940  269.9  49.91   0 -1.91  0.000400  73000 
  70    -104.71    16.68   -97.81   2487 0.179075  268.6  49.69   0 -1.91  0.000400  73000 
  71    -103.88    16.71   -97.83   2476 0.178283  267.4  49.45   0 -1.91  0.000400  73000 
  72    -103.14    16.73   -97.90   2467 0.177635  266.5  49.22   0 -1.91  0.000400  73000 
  73    -102.37    16.75   -97.90   2457 0.176915  265.4  49.00   0 -1.91  0.000400  73000 
  74    -101.58    16.77   -97.91   2446 0.176123  264.2  48.77   0 -1.91  0.000400  73000 
  75    -100.80    16.79   -97.89   2436 0.175403  263.1  48.55   0 -1.91  0.000400  73000 
  76     -99.97    16.81   -97.88   2425 0.174611  261.9  48.31   0 -1.91  0.000400  73000 
  77     -99.10    16.83   -97.79   2412 0.173675  260.5  48.08   0 -1.91  0.000400  73000 
  78     -98.28    16.85   -97.74   2401 0.172883  259.3  47.85   0 -1.91  0.000400  73000 
  79     -97.59    16.87   -97.85   2393 0.172307  258.5  47.61   0 -1.91  0.000400  73000 
  80     -96.86    16.89   -97.91   2384 0.171659  257.5  47.37   0 -1.91  0.000400  73000 
  81     -96.01    16.91   -97.85   2373 0.170867  256.3  47.13   0 -1.91  0.000400  73000 
  82     -95.27    16.93   -97.89   2364 0.170219  255.3  46.89   0 -1.91  0.000400  73000 
  83     -94.52    16.95   -97.94   2355 0.169571  254.4  46.64   0 -1.91  0.000400  73000 
  84     -93.75    16.97   -97.93   2345 0.168851  253.3  46.40   0 -1.91  0.000400  73000 
  85     -92.88    16.98   -97.85   2333 0.167987  252.0  46.15   0 -1.91  0.000400  73000 
  86     -92.08    17.01   -97.90   2323 0.167267  250.9  45.88   0 -1.91  0.000400  73000 
  87     -91.31    17.03   -97.94   2314 0.166619  249.9  45.62   0 -1.91  0.000400  73000 
  88     -90.39    17.04   -97.78   2301 0.165683  248.5  45.37   0 -1.91  0.000400  73000 
  89     -89.64    17.06   -97.84   2292 0.165035  247.6  45.11   0 -1.91  0.000400  73000 
  90     -88.91    17.08   -97.90   2284 0.164459  246.7  44.85   0 -1.91  0.000400  73000 
  91     -88.08    17.10   -97.84   2273 0.163666  245.5  44.59   0 -1.91  0.000400  73000 
  92     -87.34    17.12   -97.92   2265 0.163090  244.6  44.32   0 -1.91  0.000400  73000 
  93     -86.55    17.14   -97.90   2255 0.162370  243.6  44.06   0 -1.91  0.000400  73000 
  94     -85.72    17.16   -97.85   2244 0.161578  242.4  43.79   0 -1.91  0.000400  73000 
  95     -84.97    17.18   -97.89   2235 0.160930  241.4  43.52   0 -1.91  0.000400  73000 
  96     -84.14    17.20   -97.86   2225 0.160210  240.3  43.24   0 -1.91  0.000400  73000 
  97     -83.34    17.22   -97.87   2215 0.159490  239.2  42.96   0 -1.91  0.000400  73000 
  98     -82.62    17.23   -97.91   2207 0.158914  238.4  42.69   0 -1.91  0.000400  73000 
  99     -81.83    17.25   -97.94   2198 0.158266  237.4  42.40   0 -1.91  0.000400  73000 
 100     -80.99    17.27   -97.94   2188 0.157546  236.3  42.10   0 -1.91  0.000400  73000 
 101     -80.16    17.29   -97.88   2178 0.156826  235.2  41.82   0 -1.91  0.000400  73000 
 102     -79.40    17.31   -97.91   2169 0.156178  234.3  41.53   0 -1.91  0.000400  73000 
 103     -78.61    17.32   -97.91   2160 0.155530  233.3  41.24   0 -1.91  0.000400  73000 
 104     -77.77    15.26   -97.85   2150 0.154810  232.2  40.94   1 -2.91  0.000000  89000 
 105     -76.96    15.28   -97.81   2140 0.154090  231.1  40.65   1 -2.91  0.000000  89000 
 106     -76.16    15.31   -97.81   2131 0.153442  230.2  40.35   1 -2.91  0.000000  89000 
 107     -75.40    15.34   -97.84   2123 0.152866  229.3  40.05   1 -2.91  0.000000  89000 
 108     -74.59    15.36   -97.84   2114 0.152218  228.3  39.74   1 -2.91  0.000000  89000 
 109     -73.83    15.39   -97.86   2105 0.151570  227.4  39.44   1 -2.91  0.000000  89000 
 110     -73.04    15.41   -97.86   2097 0.150994  226.5  39.13   1 -2.91  0.000000  89000 
 111     -72.24    15.44   -97.84   2088 0.150346  225.5  38.82   1 -2.91  0.000000  89000 
 112     -71.44    15.46   -97.86   2079 0.149698  224.5  38.50   1 -2.91  0.000000  89000 
 113     -70.69    15.49   -97.90   2072 0.149194  223.8  38.19   1 -2.91  0.000000  89000 
 114     -69.80    15.52   -97.83   2061 0.148401  222.6  37.85   1 -2.91  0.000000  89000 
 115     -68.98    15.54   -97.81   2052 0.147753  221.6  37.52   1 -2.91  0.000000  89000 
 116     -68.20    15.56   -97.81   2044 0.147177  220.8  37.20   1 -2.91  0.000000  89000 
 117     -67.45    15.59   -97.88   2037 0.146673  220.0  36.87   1 -2.91  0.000000  89000 
 118     -66.67    15.61   -97.90   2029 0.146097  219.1  36.54   1 -2.91  0.000000  89000 
 119     -65.88    15.64   -97.88   2020 0.145449  218.2  36.21   1 -2.91  0.000000  89000 
 120     -65.08    15.66   -97.88   2012 0.144873  217.3  35.87   1 -2.91  0.000000  89000 
 121     -64.25    15.68   -97.84   2003 0.144225  216.3  35.53   1 -2.91  0.000000  89000 
 122     -63.46    15.71   -97.84   1995 0.143649  215.5  35.19   1 -2.91  0.000000  89000 
 123     -62.71    15.73   -97.90   1989 0.143217  214.8  34.85   1 -2.91  0.000000  89000 
 124     -61.90    15.76   -97.88   1980 0.142569  213.9  34.50   1 -2.91  0.000000  89000 
 125     -61.09    15.78   -97.85   1972 0.141993  213.0  34.15   1 -2.91  0.000000  89000 
 126     -60.31    15.80   -97.87   1965 0.141489  212.2  33.80   1 -2.91  0.000000  89000 
 127     -59.54    15.82   -97.89   1957 0.140913  211.4  33.45   1 -2.91  0.000000  89000 
 128     -58.72    15.84   -97.86   1949 0.140337  210.5  33.09   1 -2.91  0.000000  89000 
 129     -57.89    15.87   -97.78   1940 0.139689  209.5  32.73   1 -2.91  0.000000  89000 
 130     -57.12    15.89   -97.81   1933 0.139185  208.8  32.37   1 -2.91  0.000000  89000 
 131     -56.32    15.91   -97.80   1926 0.138681  208.0  32.00   1 -2.91  0.000000  89000 
 132     -55.46    15.93   -97.81   1918 0.138105  207.2  31.60   1 -2.91  0.000000  89000 
 133     -54.67    15.96   -97.81   1911 0.137601  206.4  31.23   1 -2.91  0.000000  89000 
 134     -53.88    15.98   -97.85   1905 0.137169  205.8  30.85   1 -2.91  0.000000  89000 
 135     -53.10    16.00   -97.84   1897 0.136593  204.9  30.48   1 -2.91  0.000000  89000 
 136     -52.31    16.02   -97.85   1891 0.136161  204.2  30.10   1 -2.91  0.000000  89000 
 137     -51.47    16.04   -97.78   1882 0.135513  203.3  29.71   1 -2.91  0.000000  89000 
 138     -50.68    16.06   -97.77   1875 0.135009  202.5  29.33   1 -2.91  0.000000  89000 
 139     -49.91    16.08   -97.80   1870 0.134649  202.0  28.94   1 -2.91  0.000000  89000 
 140     -49.14    16.10   -97.84   1864 0.134217  201.3  28.55   1 -2.91  0.000000  89000 
 141     -48.36    16.12   -97.88   1858 0.133785  200.7  28.15   1 -2.91  0.000000  89000 
 142     -47.54    16.13   -97.82   1850 0.133209  199.8  27.76   1 -2.91  0.000000  89000 
 143     -46.77    16.15   -97.86   1845 0.132849  199.3  27.36   1 -2.91  0.000000  89000 
 144     -45.96    16.17   -97.83   1838 0.132344  198.5  26.96   1 -2.91  0.000000  89000 
 145     -45.17    16.19   -97.84   1832 0.131912  197.9  26.55   1 -2.91  0.000000  89000 
 146     -44.38    16.21   -97.86   1826 0.131480  197.2  26.14   1 -2.91  0.000000  89000 
 147     -43.58    16.22   -97.86   1820 0.131048  196.6  25.73   1 -2.91  0.000000  89000 
 148     -42.79    16.24   -97.83   1814 0.130616  195.9  25.32   1 -2.91  0.000000  89000 
 149     -41.99    16.26   -97.84   1808 0.130184  195.3  24.90   1 -2.91  0.000000  89000 
 150     -41.20    16.28   -97.84   1803 0.129824  194.7  24.48   1 -2.91  0.000000  89000 
 151     -40.40    16.29   -97.84   1797 0.129392  194.1  24.06   1 -2.91  0.000000  89000 
 152     -39.61    16.31   -97.84   1792 0.129032  193.5  23.64   1 -2.91  0.000000  89000 
 153     -38.81    16.32   -97.83   1786 0.128600  192.9  23.21   1 -2.91  0.000000  89000 
 154     -37.97    16.34   -97.82   1780 0.128168  192.3  22.76   1 -2.91  0.000000  89000 
 155     -37.18    16.36   -97.80   1775 0.127808  191.7  22.33   1 -2.91  0.000000  89000 
 156     -36.39    16.37   -97.80   1770 0.127448  191.2  21.90   1 -2.91  0.000000  89000 
 157     -35.59    16.39   -97.81   1765 0.127088  190.6  21.46   1 -2.91  0.000000  89000 
 158     -34.79    16.40   -97.78   1759 0.126656  190.0  21.02   1 -2.91  0.000000  89000 
 159     -33.99    16.42   -97.76   1754 0.126296  189.4  20.58   1 -2.91  0.000000  89000 
 160     -33.20    16.43   -97.75   1749 0.125936  188.9  20.14   1 -2.91  0.000000  89000 
 161     -32.42    16.44   -97.79   1745 0.125648  188.5  19.69   1 -2.91  0.000000  89000 
 162     -31.62    16.46   -97.80   1741 0.125360  188.0  19.24   1 -2.91  0.000000  89000 
 163     -30.84    16.47   -97.83   1737 0.125072  187.6  18.79   1 -2.91  0.000000  89000 
 164     -30.05    16.48   -97.82   1733 0.124784  187.2  18.34   1 -2.91  0.000000  89000 
 165     -29.23    16.50   -97.79   1728 0.124424  186.6  17.88   1 -2.91  0.000000  89000 
 166     -28.46    16.51   -97.80   1724 0.124136  186.2  17.43   1 -2.91  0.000000  89000 
 167     -27.65    16.52   -97.76   1720 0.123848  185.8  16.97   1 -2.91  0.000000  89000 
 168     -26.84    16.53   -97.74   1715 0.123488  185.2  16.50   1 -2.91  0.000000  89000 
 169     -26.04    16.54   -97.71   1711 0.123200  184.8  16.04   1 -2.91  0.000000  89000 
 170     -25.25    16.56   -97.74   1708 0.122984  184.5  15.57   1 -2.91  0.000000  89000 
 171     -24.46    16.56   -97.74   1705 0.122768  184.2  15.11   1 -2.91  0.000000  89000 
 172     -23.67    16.58   -97.75   1701 0.122480  183.7  14.64   1 -2.91  0.000000  89000 
 173     -22.88    16.58   -97.77   1699 0.122336  183.5  14.17   1 -2.91  0.000000  89000 
 174     -22.08    16.60   -97.80   1696 0.122120  183.2  13.69   1 -2.91  0.000000  89000 
 175     -21.28    16.60   -97.70   1691 0.121760  182.6  13.22   1 -2.91  0.000000  89000 
 176     -20.48    16.61   -97.72   1688 0.121544  182.3  12.74   1 -2.91  0.000000  89000 
 177     -19.68    16.62   -97.72   1686 0.121400  182.1  12.26   1 -2.91  0.000000  89000 
 178     -18.88    16.63   -97.67   1682 0.121112  181.7  11.78   1 -2.91  0.000000  89000 
 179     -18.10    16.64   -97.71   1680 0.120968  181.5  11.30   1 -2.91  0.000000  89000 
 180     -17.31    16.65   -97.75   1679 0.120896  181.3  10.82   1 -2.91  0.000000  89000 
 181     -16.51    16.66   -97.76   1676 0.120680  181.0  10.33   1 -2.91  0.000000  89000 
 182     -15.72    16.66   -97.73   1674 0.120536  180.8   9.85   1 -2.91  0.000000  89000 
 183     -14.91    16.67   -97.70   1671 0.120320  180.5   9.36   1 -2.91  0.000000  89000 
 184     -14.11    16.68   -97.69   1669 0.120176  180.3   8.87   1 -2.91  0.000000  89000 
 185     -13.31    16.68   -97.68   1667 0.120032  180.0   8.38   1 -2.91  0.000000  89000 
 186     -12.53    16.69   -97.71   1666 0.119960  179.9   7.89   1 -2.91  0.000000  89000 
 187     -11.73    16.69   -97.71   1664 0.119816  179.7   7.40   1 -2.91  0.000000  89000 
 188     -10.94    16.70   -97.68   1662 0.119672  179.5   6.91   1 -2.91  0.000000  89000 
 189     -10.15    16.70   -97.72   1661 0.119600  179.4   6.42   1 -2.91  0.000000  89000 
 190      -9.34    16.71   -97.69   1659 0.119456  179.2   5.92   1 -2.91  0.000000  89000 
 191      -8.55    16.71   -97.66   1658 0.119384  179.1   5.43   1 -2.91  0.000000  89000 
 192      -7.75    16.71   -97.66   1657 0.119312  179.0   4.93   1 -2.91  0.000000  89000 
 193      -6.96    16.72   -97.69   1656 0.119240  178.9   4.44   1 -2.91  0.000000  89000 
 194      -6.16    16.72   -97.68   1656 0.119240  178.9   3.94   1 -2.91  0.000000  89000 
 195      -5.38    16.72   -97.65   1654 0.119096  178.6   3.45   1 -2.91  0.000000  89000 
 196      -4.57    16.72   -97.64   1654 0.119096  178.6   2.95   1 -2.91  0.000000  89000 
 197      -3.78    16.73   -97.65   1653 0.119024  178.5   2.45   1 -2.91  0.000000  89000 
 198      -2.98    16.73   -97.65   1653 0.119024  178.5   1.95   1 -2.91  0.000000  89000 
 199      -2.19    16.73   -97.64   1653 0.119024  178.5   1.46   1 -2.91  0.000000  89000 
 200      -1.39    16.73   -97.64   1653 0.119024  178.5   0.96   1 -2.91  0.000000  89000 
 201      -0.59    16.73   -97.64   1653 0.119024  178.5   0.46   1 -2.91  0.000000  89000 
 202       0.19    16.73   -97.64   1653 0.119024  178.5  -0.03   1 -2.91  0.000000  89000 
 203       0.99    16.73   -97.63   1654 0.119096  178.6  -0.53   1 -2.91  0.000000  89000 
 204       1.79    16.73   -97.64   1654 0.119096  178.6  -1.03   1 -2.91  0.000000  89000 
 205       2.59    16.73   -97.64   1655 0.119168  178.8  -1.53   1 -2.91  0.000000  89000 
 206       3.37    16.73   -97.62   1655 0.119168  178.8  -2.02   1 -2.91  0.000000  89000 
 207       4.17    16.73   -97.61   1656 0.119240  178.9  -2.52   1 -2.91  0.000000  89000 
 208       4.96    16.72   -97.64   1657 0.119312  179.0  -3.01   1 -2.91  0.000000  89000 
 209       5.77    16.72   -97.69   1659 0.119456  179.2  -3.51   1 -2.91  0.000000  89000 
 210       6.56    16.72   -97.74   1662 0.119672  179.5  -4.00   1 -2.91  0.000000  89000 
 211       7.34    16.72   -97.58   1660 0.119528  179.3  -4.49   1 -2.91  0.000000  89000 
 212       8.14    16.71   -97.64   1662 0.119672  179.5  -4.98   1 -2.91  0.000000  89000 
 213       8.95    16.71   -97.66   1664 0.119816  179.7  -5.48   1 -2.91  0.000000  89000 
 214       9.74    16.71   -97.66   1666 0.119960  179.9  -5.97   1 -2.91  0.000000  89000 
 215      10.54    16.70   -97.63   1667 0.120032  180.0  -6.46   1 -2.91  0.000000  89000 
 216      11.32    16.70   -97.63   1669 0.120176  180.3  -6.94   1 -2.91  0.000000  89000 
 217      12.13    16.69   -97.66   1672 0.120392  180.6  -7.43   1 -2.91  0.000000  89000 
 218      12.93    16.69   -97.68   1675 0.120608  180.9  -7.92   1 -2.91  0.000000  89000 
 219      13.73    16.68   -97.72   1678 0.120824  181.2  -8.40   1 -2.91  0.000000  89000 
 220      14.50    16.68   -97.64   1679 0.120896  181.3  -8.88   1 -2.91  0.000000  89000 
 221      15.30    16.67   -97.63   1681 0.121040  181.6  -9.36   1 -2.91  0.000000  89000 
 222      16.09    16.66   -97.62   1683 0.121184  181.8  -9.84   1 -2.91  0.000000  89000 
 223      16.89    16.66   -97.62   1686 0.121400  182.1 -10.32   1 -2.91  0.000000  89000 
 224      17.70    16.65   -97.66   1690 0.121688  182.5 -10.80   1 -2.91  0.000000  89000 
 225      18.50    16.64   -97.70   1694 0.121976  183.0 -11.27   1 -2.91  0.000000  89000 
 226      19.32    16.63   -97.74   1698 0.122264  183.4 -11.75   1 -2.91  0.000000  89000 
 227      20.09    16.62   -97.67   1700 0.122408  183.6 -12.22   1 -2.91  0.000000  89000 
 228      20.88    16.62   -97.66   1703 0.122624  183.9 -12.69   1 -2.91  0.000000  89000 
 229      21.69    16.61   -97.67   1706 0.122840  184.3 -13.16   1 -2.91  0.000000  89000 
 230      22.47    16.60   -97.64   1709 0.123056  184.6 -13.62   1 -2.91  0.000000  89000 
 231      23.27    16.59   -97.62   1713 0.123344  185.0 -14.09   1 -2.91  0.000000  89000 
 232      24.06    16.58   -97.64   1717 0.123632  185.4 -14.55   1 -2.91  0.000000  89000 
 233      24.87    16.57   -97.66   1721 0.123920  185.9 -15.01   1 -2.91  0.000000  89000 
 234      25.67    16.56   -97.67   1725 0.124208  186.3 -15.47   1 -2.91  0.000000  89000 
 235      26.46    16.54   -97.69   1730 0.124568  186.9 -15.92   1 -2.91  0.000000  89000 
 236      27.26    16.54   -97.70   1734 0.124856  187.3 -16.37   1 -2.91  0.000000  89000 
 237      28.07    16.52   -97.69   1739 0.125216  187.8 -16.83   1 -2.91  0.000000  89000 
 238      28.85    16.51   -97.69   1743 0.125504  188.3 -17.27   1 -2.91  0.000000  89000 
 239      29.64    16.50   -97.66   1747 0.125792  188.7 -17.72   1 -2.91  0.000000  89000 
 240      30.45    16.49   -97.70   1753 0.126224  189.3 -18.16   1 -2.91  0.000000  89000 
 241      31.26    16.47   -97.70   1757 0.126512  189.8 -18.61   1 -2.91  0.000000  89000 
 242      32.02    16.46   -97.66   1761 0.126800  190.2 -19.04   1 -2.91  0.000000  89000 
 243      32.82    16.45   -97.64   1766 0.127160  190.7 -19.48   1 -2.91  0.000000  89000 
 244      33.63    16.43   -97.63   1771 0.127520  191.3 -19.92   1 -2.91  0.000000  89000 
 245      34.42    16.42   -97.63   1776 0.127880  191.8 -20.35   1 -2.91  0.000000  89000 
 246      35.22    16.40   -97.63   1782 0.128312  192.5 -20.78   1 -2.91  0.000000  89000 
 247      35.97    16.39   -97.64   1787 0.128672  193.0 -21.18   1 -2.91  0.000000  89000 
 248      36.79    16.38   -97.65   1793 0.129104  193.7 -21.61   1 -2.91  0.000000  89000 
 249      37.64    16.36   -97.80   1801 0.129680  194.5 -22.03   1 -2.91  0.000000  89000 
 250      38.38    16.35   -97.67   1804 0.129896  194.8 -22.45   1 -2.91  0.000000  89000 
 251      39.19    16.33   -97.70   1811 0.130400  195.6 -22.86   1 -2.91  0.000000  89000 
 252      39.97    16.32   -97.68   1816 0.130760  196.1 -23.27   1 -2.91  0.000000  89000 
 253      40.78    16.30   -97.65   1822 0.131192  196.8 -23.69   1 -2.91  0.000000  89000 
 254      41.56    16.28   -97.67   1828 0.131624  197.4 -24.09   1 -2.91  0.000000  89000 
 255      42.38    16.27   -97.69   1835 0.132128  198.2 -24.50   1 -2.91  0.000000  89000 
 256      43.16    16.25   -97.67   1840 0.132488  198.7 -24.90   1 -2.91  0.000000  89000 
 257      43.95    16.23   -97.65   1846 0.132921  199.4 -25.30   1 -2.91  0.000000  89000 
 258      44.78    16.22   -97.70   1854 0.133497  200.2 -25.70   1 -2.91  0.000000  89000 
 259      45.56    16.20   -97.68   1860 0.133929  200.9 -26.09   1 -2.91  0.000000  89000 
 260      46.34    16.18   -97.64   1866 0.134361  201.5 -26.48   1 -2.91  0.000000  89000 
 261      47.16    16.16   -97.69   1874 0.134937  202.4 -26.87   1 -2.91  0.000000  89000 
 262      47.98    16.14   -97.70   1881 0.135441  203.2 -27.26   1 -2.91  0.000000  89000 
 263      48.72    16.12   -97.62   1886 0.135801  203.7 -27.64   1 -2.91  0.000000  89000 
 264      49.55    16.11   -97.67   1894 0.136377  204.6 -28.02   1 -2.91  0.000000  89000 
 265      50.36    16.09   -97.69   1901 0.136881  205.3 -28.40   1 -2.91  0.000000  89000 
 266      51.14    16.07   -97.67   1908 0.137385  206.1 -28.77   1 -2.91  0.000000  89000 
 267      51.94    16.05   -97.70   1916 0.137961  206.9 -29.14   1 -2.91  0.000000  89000 
 268      52.70    16.03   -97.62   1921 0.138321  207.5 -29.51   1 -2.91  0.000000  89000 
 269      53.46    16.01   -97.65   1929 0.138897  208.3 -29.85   1 -2.91  0.000000  89000 
 270      54.25    15.99   -97.65   1936 0.139401  209.1 -30.21   1 -2.91  0.000000  89000 
 271      55.03    15.97   -97.64   1943 0.139905  209.9 -30.57   1 -2.91  0.000000  89000 
 272      55.84    15.95   -97.65   1951 0.140481  210.7 -30.93   1 -2.91  0.000000  89000 
 273      56.64    15.93   -97.65   1959 0.141057  211.6 -31.28   1 -2.91  0.000000  89000 
 274      57.44    15.91   -97.63   1966 0.141561  212.3 -31.64   1 -2.91  0.000000  89000 
 275      58.20    15.89   -97.58   1973 0.142065  213.1 -31.99   1 -2.91  0.000000  89000 
 276      58.99    15.86   -97.60   1981 0.142641  214.0 -32.33   1 -2.91  0.000000  89000 
 277      59.81    15.84   -97.61   1990 0.143289  214.9 -32.68   1 -2.91  0.000000  89000 
 278      60.61    15.82   -97.62   1998 0.143865  215.8 -33.02   1 -2.91  0.000000  89000 
 279      61.45    15.80   -97.67   2007 0.144513  216.8 -33.36   1 -2.91  0.000000  89000 
 280      62.26    15.78   -97.71   2016 0.145161  217.7 -33.69   1 -2.91  0.000000  89000 
 281      63.00    15.76   -97.64   2022 0.145593  218.4 -34.02   1 -2.91  0.000000  89000 
 282      63.76    15.73   -97.59   2030 0.146169  219.3 -34.35   1 -2.91  0.000000  89000 
 283      64.56    15.71   -97.60   2038 0.146745  220.1 -34.68   1 -2.91  0.000000  89000 
 284      65.40    15.68   -97.63   2048 0.147465  221.2 -35.01   1 -2.91  0.000000  89000 
 285      66.20    15.66   -97.63   2056 0.148041  222.1 -35.33   1 -2.91  0.000000  89000 
 286      67.01    15.64   -97.65   2065 0.148690  223.0 -35.65   1 -2.91  0.000000  89000 
 287      67.74    15.62   -97.65   2073 0.149266  223.9 -35.94   1 -2.91  0.000000  89000 
 288      68.55    15.59   -97.66   2082 0.149914  224.9 -36.26   1 -2.91  0.000000  89000 
 289      69.37    15.57   -97.69   2091 0.150562  225.8 -36.57   1 -2.91  0.000000  89000 
 290      70.15    15.54   -97.66   2100 0.151210  226.8 -36.88   1 -2.91  0.000000  89000 
 291      70.90    15.52   -97.62   2107 0.151714  227.6 -37.18   1 -2.91  0.000000  89000 
 292      71.67    15.50   -97.57   2115 0.152290  228.4 -37.49   1 -2.91  0.000000  89000 
 293      72.51    15.47   -97.63   2126 0.153082  229.6 -37.79   1 -2.91  0.000000  89000 
 294      73.34    15.45   -97.66   2136 0.153802  230.7 -38.09   1 -2.91  0.000000  89000 
 295      74.12    15.42   -97.66   2144 0.154378  231.6 -38.38   1 -2.91  0.000000  89000 
 296      74.99    17.48   -97.68   2155 0.155170  232.8 -38.68   2 -1.91  0.000800  73000 
 297      75.80    17.47   -97.70   2164 0.155818  233.7 -38.97   2 -1.91  0.000800  73000 
 298      76.58    17.45   -97.69   2173 0.156466  234.7 -39.26   2 -1.91  0.000800  73000 
 299      77.38    17.43   -97.70   2183 0.157186  235.8 -39.54   2 -1.91  0.000800  73000 
 300      78.13    17.42   -97.70   2192 0.157834  236.8 -39.81   2 -1.91  0.000800  73000 
 301      78.93    17.40   -97.70   2201 0.158482  237.7 -40.09   2 -1.91  0.000800  73000 
 302      79.73    17.38   -97.70   2211 0.159202  238.8 -40.37   2 -1.91  0.000800  73000 
 303      80.48    17.37   -97.67   2219 0.159778  239.7 -40.64   2 -1.91  0.000800  73000 
 304      81.29    17.35   -97.66   2229 0.160498  240.7 -40.92   2 -1.91  0.000800  73000 
 305      82.06    17.33   -97.63   2238 0.161146  241.7 -41.19   2 -1.91  0.000800  73000 
 306      82.85    17.32   -97.63   2248 0.161866  242.8 -41.46   2 -1.91  0.000800  73000 
 307      83.70    17.30   -97.67   2258 0.162586  243.9 -41.73   2 -1.91  0.000800  73000 
 308      84.49    17.28   -97.68   2268 0.163306  245.0 -41.99   2 -1.91  0.000800  73000 
 309      85.31    17.26   -97.70   2279 0.164099  246.1 -42.25   2 -1.91  0.000800  73000 
 310      86.08    17.25   -97.69   2288 0.164747  247.1 -42.51   2 -1.91  0.000800  73000 
 311      86.88    17.23   -97.67   2298 0.165467  248.2 -42.77   2 -1.91  0.000800  73000 
 312      87.69    17.21   -97.68   2308 0.166187  249.3 -43.03   2 -1.91  0.000800  73000 
 313      88.55    17.19   -97.75   2320 0.167051  250.6 -43.28   2 -1.91  0.000800  73000 
 314      89.26    17.18   -97.73   2329 0.167699  251.5 -43.51   2 -1.91  0.000800  73000 
 315      90.02    17.16   -97.68   2338 0.168347  252.5 -43.76   2 -1.91  0.000800  73000 
 316      90.79    17.14   -97.65   2347 0.168995  253.5 -44.01   2 -1.91  0.000800  73000 
 317      91.56    17.12   -97.65   2357 0.169715  254.6 -44.25   2 -1.91  0.000800  73000 
 318      92.38    17.10   -97.67   2368 0.170507  255.8 -44.49   2 -1.91  0.000800  73000 
 319      93.21    17.08   -97.67   2378 0.171227  256.8 -44.74   2 -1.91  0.000800  73000 
 320      93.96    17.07   -97.67   2388 0.171947  257.9 -44.97   2 -1.91  0.000800  73000 
 321      94.76    17.05   -97.65   2398 0.172667  259.0 -45.21   2 -1.91  0.000800  73000 
 322      95.53    17.03   -97.64   2408 0.173387  260.1 -45.44   2 -1.91  0.000800  73000 
 323      96.32    17.01   -97.61   2418 0.174107  261.2 -45.68   2 -1.91  0.000800  73000 
 324      97.12    16.99   -97.62   2429 0.174899  262.3 -45.91   2 -1.91  0.000800  73000 
 325      97.96    16.97   -97.66   2440 0.175691  263.5 -46.14   2 -1.91  0.000800  73000 
 326      98.77    16.96   -97.68   2451 0.176483  264.7 -46.36   2 -1.91  0.000800  73000 
 327      99.55    16.94   -97.64   2461 0.177203  265.8 -46.59   2 -1.91  0.000800  73000 
 328     100.28    16.92   -97.66   2471 0.177923  266.9 -46.79   2 -1.91  0.000800  73000 
 329     101.09    16.90   -97.67   2482 0.178715  268.1 -47.01   2 -1.91  0.000800  73000 
 330     101.84    16.88   -97.63   2492 0.179435  269.2 -47.23   2 -1.91  0.000800  73000 
 331     102.65    16.86   -97.62   2503 0.180228  270.3 -47.45   2 -1.91  0.000800  73000 
 332     103.41    16.84   -97.62   2513 0.180948  271.4 -47.66   2 -1.91  0.000800  73000 
 333     104.26    16.82   -97.67   2525 0.181812  272.7 -47.87   2 -1.91  0.000800  73000 
 334     105.06    16.80   -97.64   2536 0.182604  273.9 -48.09   2 -1.91  0.000800  73000 
 335     105.84    16.78   -97.62   2546 0.183324  275.0 -48.30   2 -1.91  0.000800  73000 
 336     106.66    16.76   -97.66   2558 0.184188  276.3 -48.50   2 -1.91  0.000800  73000 
 337     107.46    16.74   -97.66   2569 0.184980  277.5 -48.71   2 -1.91  0.000800  73000 
 338     108.24    16.72   -97.66   2580 0.185772  278.7 -48.91   2 -1.91  0.000800  73000 
 339     109.09    16.70   -97.68   2592 0.186636  280.0 -49.12   2 -1.91  0.000800  73000 
 340     109.88    16.68   -97.68   2603 0.187428  281.1 -49.32   2 -1.91  0.000800  73000 
 341     110.52    16.67   -97.61   2611 0.188004  282.0 -49.50   2 -1.91  0.000800  73000 
 342     111.23    16.65   -97.56   2620 0.188652  283.0 -49.69   2 -1.91  0.000800  73000 
 343     111.98    16.63   -97.51   2630 0.189372  284.1 -49.89   2 -1.91  0.000800  73000 
 344     112.79    16.61   -97.53   2642 0.190236  285.4 -50.08   2 -1.91  0.000800  73000 
 345     113.69    16.59   -97.60   2655 0.191172  286.8 -50.28   2 -1.91  0.000800  73000 
 346     114.46    16.57   -97.58   2666 0.191964  287.9 -50.47   2 -1.91  0.000800  73000 
 347     115.27    16.55   -97.59   2677 0.192756  289.1 -50.66   2 -1.91  0.000800  73000 
 348     116.16    16.53   -97.69   2691 0.193764  290.6 -50.84   2 -1.91  0.000800  73000 
 349     116.93    16.51   -97.65   2701 0.194484  291.7 -51.03   2 -1.91  0.000800  73000 
 350     117.74    16.49   -97.67   2713 0.195349  293.0 -51.21   2 -1.91  0.000800  73000 
 351     118.55    16.46   -97.66   2725 0.196213  294.3 -51.40   2 -1.91  0.000800  73000 
 352     119.33    16.44   -97.65   2736 0.197005  295.5 -51.58   2 -1.91  0.000800  73000 
 353     120.04    16.43   -97.66   2746 0.197725  296.6 -51.74   2 -1.91  0.000800  73000 
 354     120.87    16.41   -97.67   2758 0.198589  297.9 -51.92   2 -1.91  0.000800  73000 
 355     121.65    16.39   -97.68   2769 0.199381  299.1 -52.09   2 -1.91  0.000800  73000 
 356     122.47    16.36   -97.68   2781 0.200245  300.4 -52.27   2 -1.91  0.000800  73000 
 357     123.12    16.34   -97.59   2790 0.200893  301.3 -52.44   2 -1.91  0.000800  73000 
 358     123.89    16.32   -97.54   2800 0.201613  302.4 -52.62   2 -1.91  0.000800  73000 
 359     124.80    16.30   -97.63   2815 0.202693  304.0 -52.79   2 -1.91  0.000800  73000 
 360     125.68    16.28   -97.68   2828 0.203629  305.4 -52.96   2 -1.91  0.000800  73000 
 361     126.41    16.26   -97.67   2839 0.204421  306.6 -53.12   2 -1.91  0.000800  73000 
 362     127.16    16.24   -97.62   2849 0.205141  307.7 -53.29   2 -1.91  0.000800  73000 
 363     127.97    16.22   -97.62   2861 0.206005  309.0 -53.46   2 -1.91  0.000800  73000 
 364     128.79    16.20   -97.65   2873 0.206869  310.3 -53.62   2 -1.91  0.000800  73000 
 365     129.52    16.18   -97.60   2884 0.207661  311.5 -53.78   2 -1.91  0.000800  73000 
 366     130.26    16.16   -97.60   2894 0.208381  312.6 -53.93   2 -1.91  0.000800  73000 
 367     131.06    16.14   -97.60   2906 0.209245  313.9 -54.09   2 -1.91  0.000800  73000 
 368     131.90    16.11   -97.62   2919 0.210181  315.3 -54.25   2 -1.91  0.000800  73000 
 369     132.73    16.10   -97.66   2932 0.211118  316.7 -54.40   2 -1.91  0.000800  73000 
 370     133.54    16.07   -97.66   2944 0.211982  318.0 -54.56   2 -1.91  0.000800  73000 
 371     134.30    16.05   -97.62   2955 0.212774  319.2 -54.72   2 -1.91  0.000800  73000 
 372     135.19    16.03   -97.70   2969 0.213782  320.7 -54.87   2 -1.91  0.000800  73000 
 373     135.99    16.01   -97.70   2981 0.214646  322.0 -55.02   2 -1.91  0.000800  73000 
 374     136.65    15.98   -97.61   2990 0.215294  322.9 -55.17   2 -1.91  0.000800  73000 
 375     137.44    15.97   -97.61   3002 0.216158  324.2 -55.32   2 -1.91  0.000800  73000 
 376     138.19    15.94   -97.58   3013 0.216950  325.4 -55.47   2 -1.91  0.000800  73000 
 377     138.91    15.93   -97.62   3024 0.217742  326.6 -55.59   2 -1.91  0.000800  73000 
 378     139.85    15.90   -97.70   3039 0.218822  328.2 -55.74   2 -1.91  0.000800  73000 
 379     140.74    15.88   -97.78   3053 0.219830  329.7 -55.88   2 -1.91  0.000800  73000 
 380     141.54    15.86   -97.77   3065 0.220694  331.0 -56.03   2 -1.91  0.000800  73000 
 381     142.19    15.84   -97.68   3074 0.221342  332.0 -56.17   2 -1.91  0.000800  73000 
 382     142.95    15.82   -97.66   3085 0.222134  333.2 -56.31   2 -1.91  0.000800  73000 
 383     143.77    15.79   -97.68   3098 0.223070  334.6 -56.45   2 -1.91  0.000800  73000 
 384     144.46    15.78   -97.58   3108 0.223790  335.7 -56.60   2 -1.91  0.000800  73000 
 385     145.30    15.75   -97.64   3121 0.224726  337.1 -56.73   2 -1.91  0.000800  73000 
 386     146.30    15.73   -97.75   3137 0.225878  338.8 -56.87   2 -1.91  0.000800  73000 
 387     147.02    15.70   -97.69   3148 0.226671  340.0 -57.01   2 -1.91  0.000800  73000 
 388     147.62    15.69   -97.59   3156 0.227247  340.9 -57.14   2 -1.91  0.000800  73000 
 389     148.31    15.66   -97.58   3167 0.228039  342.1 -57.26   2 -1.91  0.000800  73000 
 390     149.15    15.65   -97.62   3180 0.228975  343.5 -57.39   2 -1.91  0.000800  73000 
 391     149.88    15.62   -97.55   3191 0.229767  344.7 -57.53   2 -1.91  0.000800  73000 
 392     150.94    15.60   -97.71   3208 0.230991  346.5 -57.66   2 -1.91  0.000800  73000 
 393     151.71    15.58   -97.70   3220 0.231855  347.8 -57.79   2 -1.91  0.000800  73000 
 394     152.52    15.55   -97.70   3233 0.232791  349.2 -57.92   2 -1.91  0.000800  73000 
 395     153.23    15.54   -97.65   3243 0.233511  350.3 -58.05   2 -1.91  0.000800  73000 
 396     154.02    15.51   -97.67   3256 0.234447  351.7 -58.17   2 -1.91  0.000800  73000 
 397     154.90    15.49   -97.71   3270 0.235455  353.2 -58.30   2 -1.91  0.000800  73000 
 398     155.63    15.46   -97.65   3281 0.236247  354.4 -58.43   2 -1.91  0.000800  73000 
 399     156.50    15.44   -97.70   3294 0.237183  355.8 -58.55   2 -1.91  0.000800  73000 
