PC Time: 18:06:21
PC Date: 10-04-2004
GPS Position: $GPGGA,180542.00,5550.83884,N,05747.95579,W,2,8,1.0,27.89,M,4.97,M,9,0108*7C
GPS Time: $GPZDA,180541.00,4,10,2004,+0,+0*5C
Bottom Depth: 267.6
Ship Speed: 11.2
**********
Version: 2.20
Line Number: 00000
Instrument Type: 9, SBE_911plus_CTD
Serial Number: 732
Press Offset: 0.0
AUX. Serial Sensors: 0
Number 5V Inputs: 0
Survey Latitude: 45.000
BOT F1: $GPVTG,210.5,T,,M,11.15,N,20.64,K*62
BOT F2: $GPGGA,180542.00,5550.83884,N,05747.95579,W,2,8,1.0,27.89,M,4.97,M,9,0108*7C
BOT F3: $GPZDA,180541.00,4,10,2004,+0,+0*5C
BOT F4: 
BOT F5: $EMDPT,267.59,0.0
BOT F6: 
BOT F7: 
BOT F8: 
BOT F9: 
BOT F10: 
Ndecimate: 0
**********

P(dbar),C(mmho/cm),T(degC),Dpth(m),SV(m/s),S(PSS-78),Rho(kg/m^3)
   6.60,   29.308,   5.386,    6.55, 1465.90,   29.882, 1023.610
   6.50,   29.305,   5.384,    6.45, 1465.89,   29.880, 1023.609
   7.40,   29.305,   5.385,    7.34, 1465.91,   29.879, 1023.612
   7.30,   29.305,   5.386,    7.24, 1465.91,   29.878, 1023.610
   6.60,   29.305,   5.388,    6.55, 1465.90,   29.876, 1023.606
   6.60,   29.307,   5.394,    6.55, 1465.92,   29.873, 1023.603
   6.90,   29.312,   5.403,    6.84, 1465.96,   29.871, 1023.601
   7.30,   29.315,   5.410,    7.24, 1465.99,   29.868, 1023.600
   7.10,   29.317,   5.414,    7.04, 1466.00,   29.867, 1023.597
   6.60,   29.321,   5.418,    6.55, 1466.01,   29.868, 1023.596
   7.60,   29.325,   5.418,    7.54, 1466.03,   29.872, 1023.603
   6.90,   29.326,   5.417,    6.84, 1466.02,   29.874, 1023.602
   6.80,   29.325,   5.415,    6.74, 1466.01,   29.875, 1023.602
   7.40,   29.325,   5.413,    7.34, 1466.02,   29.876, 1023.607
   7.40,   29.324,   5.413,    7.34, 1466.02,   29.875, 1023.606
   7.10,   29.327,   5.420,    7.04, 1466.04,   29.872, 1023.602
   8.00,   29.329,   5.416,    7.93, 1466.04,   29.878, 1023.610
   7.10,   29.321,   5.401,    7.04, 1465.97,   29.883, 1023.612
   7.50,   29.315,   5.387,    7.44, 1465.93,   29.888, 1023.619
   7.40,   29.309,   5.377,    7.34, 1465.89,   29.890, 1023.622
   7.60,   29.302,   5.370,    7.54, 1465.86,   29.889, 1023.622
   7.60,   29.297,   5.364,    7.54, 1465.84,   29.888, 1023.622
   7.40,   29.292,   5.358,    7.34, 1465.81,   29.888, 1023.622
   7.80,   29.287,   5.351,    7.74, 1465.79,   29.889, 1023.625
   7.60,   29.284,   5.345,    7.54, 1465.76,   29.891, 1023.626
   7.70,   29.281,   5.341,    7.64, 1465.75,   29.891, 1023.627
   7.40,   29.278,   5.338,    7.34, 1465.73,   29.890, 1023.626
   7.60,   29.276,   5.335,    7.54, 1465.72,   29.891, 1023.627
   8.00,   29.274,   5.334,    7.93, 1465.72,   29.889, 1023.628
   7.50,   29.273,   5.331,    7.44, 1465.70,   29.891, 1023.627
   8.20,   29.270,   5.328,    8.13, 1465.70,   29.890, 1023.630
   7.80,   29.267,   5.323,    7.74, 1465.67,   29.891, 1023.630
   7.70,   29.264,   5.315,    7.64, 1465.64,   29.895, 1023.633
   8.10,   29.259,   5.305,    8.03, 1465.61,   29.898, 1023.639
   7.90,   29.254,   5.294,    7.84, 1465.57,   29.902, 1023.642
   8.10,   29.247,   5.280,    8.03, 1465.52,   29.907, 1023.648
   8.10,   29.239,   5.265,    8.03, 1465.47,   29.911, 1023.653
   8.10,   29.230,   5.251,    8.03, 1465.41,   29.913, 1023.657
   8.30,   29.219,   5.234,    8.23, 1465.35,   29.916, 1023.662
   8.30,   29.206,   5.216,    8.23, 1465.28,   29.918, 1023.665
   8.30,   29.193,   5.197,    8.23, 1465.20,   29.920, 1023.668
   8.40,   29.183,   5.180,    8.33, 1465.14,   29.924, 1023.674
   8.50,   29.171,   5.162,    8.43, 1465.07,   29.926, 1023.678
   8.60,   29.155,   5.138,    8.53, 1464.98,   29.930, 1023.684
   8.60,   29.138,   5.114,    8.53, 1464.88,   29.932, 1023.688
   8.80,   29.123,   5.092,    8.73, 1464.80,   29.934, 1023.693
   8.80,   29.108,   5.070,    8.73, 1464.71,   29.937, 1023.698
   8.90,   29.090,   5.043,    8.83, 1464.61,   29.941, 1023.704
   8.90,   29.068,   5.012,    8.83, 1464.48,   29.944, 1023.710
   9.10,   29.047,   4.986,    9.03, 1464.38,   29.943, 1023.713
   9.20,   29.029,   4.968,    9.13, 1464.30,   29.939, 1023.712
   9.20,   29.015,   4.955,    9.13, 1464.24,   29.935, 1023.710
   9.50,   29.007,   4.949,    9.42, 1464.22,   29.931, 1023.709
   9.40,   29.005,   4.948,    9.32, 1464.21,   29.929, 1023.707
   9.50,   29.008,   4.951,    9.42, 1464.22,   29.930, 1023.708
   9.70,   29.012,   4.955,    9.62, 1464.24,   29.931, 1023.709
   9.70,   29.015,   4.958,    9.62, 1464.26,   29.932, 1023.709
   9.90,   29.020,   4.960,    9.82, 1464.27,   29.935, 1023.713
  10.00,   29.023,   4.962,    9.92, 1464.29,   29.937, 1023.715
  10.20,   29.025,   4.963,   10.12, 1464.29,   29.938, 1023.716
  10.30,   29.026,   4.965,   10.22, 1464.30,   29.938, 1023.716
  10.40,   29.029,   4.967,   10.32, 1464.32,   29.939, 1023.718
  10.50,   29.031,   4.969,   10.41, 1464.33,   29.940, 1023.718
  10.70,   29.032,   4.969,   10.61, 1464.33,   29.941, 1023.720
  10.70,   29.033,   4.970,   10.61, 1464.34,   29.941, 1023.720
  11.00,   29.034,   4.970,   10.91, 1464.34,   29.942, 1023.722
  11.00,   29.034,   4.971,   10.91, 1464.34,   29.941, 1023.721
  11.20,   29.035,   4.971,   11.11, 1464.35,   29.942, 1023.723
  11.30,   29.035,   4.970,   11.21, 1464.35,   29.943, 1023.724
  11.50,   29.034,   4.969,   11.41, 1464.35,   29.943, 1023.725
  11.50,   29.033,   4.966,   11.41, 1464.34,   29.944, 1023.727
  11.70,   29.032,   4.963,   11.60, 1464.33,   29.946, 1023.729
  11.80,   29.031,   4.961,   11.70, 1464.32,   29.946, 1023.730
  11.90,   29.030,   4.960,   11.80, 1464.32,   29.946, 1023.731
  12.20,   29.028,   4.958,   12.10, 1464.32,   29.945, 1023.732
  12.20,   29.027,   4.954,   12.10, 1464.30,   29.948, 1023.734
  12.40,   29.024,   4.947,   12.30, 1464.28,   29.950, 1023.738
  12.50,   29.020,   4.937,   12.40, 1464.25,   29.955, 1023.743
  12.60,   29.013,   4.927,   12.50, 1464.21,   29.956, 1023.745
  12.90,   29.004,   4.908,   12.79, 1464.14,   29.963, 1023.754
  13.00,   28.992,   4.883,   12.89, 1464.05,   29.971, 1023.764
  13.10,   28.977,   4.857,   12.99, 1463.95,   29.978, 1023.772
  13.30,   28.958,   4.834,   13.19, 1463.86,   29.977, 1023.774
  13.40,   28.941,   4.812,   13.29, 1463.77,   29.977, 1023.777
  13.60,   28.925,   4.793,   13.49, 1463.70,   29.976, 1023.779
  13.70,   28.911,   4.776,   13.59, 1463.63,   29.975, 1023.781
  14.00,   28.898,   4.759,   13.89, 1463.56,   29.975, 1023.784
  14.00,   28.885,   4.741,   13.89, 1463.49,   29.977, 1023.787
  14.10,   28.872,   4.718,   13.99, 1463.40,   29.983, 1023.795
  14.40,   28.856,   4.692,   14.28, 1463.30,   29.988, 1023.803
  14.50,   28.840,   4.670,   14.38, 1463.22,   29.989, 1023.807
  14.60,   28.822,   4.646,   14.48, 1463.12,   29.990, 1023.810
  14.80,   28.802,   4.620,   14.68, 1463.02,   29.991, 1023.814
  15.00,   28.782,   4.599,   14.88, 1462.93,   29.987, 1023.814
  15.10,   28.767,   4.580,   14.98, 1462.85,   29.987, 1023.816
  15.40,   28.754,   4.567,   15.27, 1462.80,   29.983, 1023.816
  15.40,   28.743,   4.559,   15.27, 1462.76,   29.978, 1023.813
  15.60,   28.733,   4.552,   15.47, 1462.72,   29.973, 1023.810
  15.80,   28.727,   4.545,   15.67, 1462.70,   29.972, 1023.811
  16.00,   28.722,   4.538,   15.87, 1462.67,   29.972, 1023.813
  16.20,   28.716,   4.531,   16.07, 1462.64,   29.972, 1023.814
  16.30,   28.712,   4.525,   16.17, 1462.62,   29.973, 1023.816
  16.40,   28.707,   4.521,   16.27, 1462.60,   29.970, 1023.815
  16.60,   28.705,   4.518,   16.46, 1462.59,   29.971, 1023.817
  16.90,   28.703,   4.515,   16.76, 1462.59,   29.971, 1023.819
  16.90,   28.702,   4.513,   16.76, 1462.58,   29.972, 1023.819
  17.20,   28.701,   4.510,   17.06, 1462.57,   29.973, 1023.822
  17.30,   28.698,   4.507,   17.16, 1462.56,   29.972, 1023.822
  17.50,   28.698,   4.505,   17.36, 1462.56,   29.974, 1023.825
  17.70,   28.695,   4.503,   17.56, 1462.55,   29.972, 1023.825
  18.00,   28.690,   4.501,   17.85, 1462.54,   29.968, 1023.823
  18.00,   28.689,   4.500,   17.85, 1462.54,   29.968, 1023.823
  18.30,   28.687,   4.498,   18.15, 1462.53,   29.967, 1023.824
  18.50,   28.685,   4.497,   18.35, 1462.53,   29.966, 1023.824
  18.60,   28.684,   4.496,   18.45, 1462.53,   29.966, 1023.824
  18.80,   28.683,   4.495,   18.65, 1462.53,   29.965, 1023.825
  19.00,   28.682,   4.494,   18.84, 1462.53,   29.965, 1023.826
  19.30,   28.682,   4.494,   19.14, 1462.53,   29.965, 1023.827
  19.40,   28.682,   4.493,   19.24, 1462.53,   29.966, 1023.828
  19.60,   28.681,   4.492,   19.44, 1462.53,   29.965, 1023.829
  19.80,   28.681,   4.492,   19.64, 1462.53,   29.965, 1023.830
  20.00,   28.681,   4.491,   19.84, 1462.53,   29.966, 1023.832
  20.10,   28.680,   4.491,   19.94, 1462.53,   29.965, 1023.831
  20.30,   28.679,   4.490,   20.13, 1462.53,   29.964, 1023.832
  20.60,   28.680,   4.490,   20.43, 1462.54,   29.965, 1023.834
  20.70,   28.679,   4.491,   20.53, 1462.54,   29.963, 1023.833
  20.90,   28.680,   4.492,   20.73, 1462.55,   29.963, 1023.834
  21.20,   28.682,   4.492,   21.03, 1462.55,   29.966, 1023.837
  21.40,   28.682,   4.493,   21.23, 1462.56,   29.965, 1023.837
  21.60,   28.684,   4.494,   21.42, 1462.57,   29.966, 1023.839
  21.70,   28.686,   4.496,   21.52, 1462.58,   29.966, 1023.839
  22.00,   28.690,   4.501,   21.82, 1462.61,   29.966, 1023.840
  22.20,   28.696,   4.507,   22.02, 1462.64,   29.968, 1023.842
  22.40,   28.701,   4.514,   22.22, 1462.67,   29.967, 1023.841
  22.60,   28.709,   4.526,   22.42, 1462.72,   29.965, 1023.840
  22.80,   28.720,   4.538,   22.61, 1462.77,   29.967, 1023.841
  23.00,   28.734,   4.551,   22.81, 1462.84,   29.971, 1023.844
  23.20,   28.747,   4.562,   23.01, 1462.89,   29.976, 1023.848
  23.50,   28.756,   4.568,   23.31, 1462.93,   29.981, 1023.852
  23.60,   28.764,   4.571,   23.41, 1462.95,   29.987, 1023.857
  23.90,   28.770,   4.573,   23.70, 1462.97,   29.992, 1023.863
  24.00,   28.773,   4.572,   23.80, 1462.97,   29.996, 1023.866
  24.20,   28.774,   4.569,   24.00, 1462.97,   30.000, 1023.871
  24.50,   28.774,   4.564,   24.30, 1462.96,   30.005, 1023.876
  24.70,   28.775,   4.558,   24.50, 1462.94,   30.011, 1023.883
  24.80,   28.772,   4.549,   24.60, 1462.92,   30.016, 1023.888
  25.10,   28.767,   4.542,   24.89, 1462.89,   30.016, 1023.890
  25.30,   28.764,   4.534,   25.09, 1462.87,   30.020, 1023.895
  25.60,   28.760,   4.526,   25.39, 1462.84,   30.022, 1023.899
  25.80,   28.755,   4.515,   25.59, 1462.80,   30.027, 1023.904
  25.90,   28.747,   4.497,   25.69, 1462.74,   30.034, 1023.912
  26.20,   28.733,   4.472,   25.99, 1462.65,   30.040, 1023.921
  26.40,   28.719,   4.443,   26.18, 1462.54,   30.050, 1023.933
  26.60,   28.704,   4.421,   26.38, 1462.46,   30.053, 1023.938
  26.90,   28.694,   4.411,   26.68, 1462.42,   30.050, 1023.939
  27.00,   28.693,   4.418,   26.78, 1462.44,   30.043, 1023.932
  27.30,   28.696,   4.435,   27.08, 1462.50,   30.031, 1023.922
  27.40,   28.705,   4.451,   27.18, 1462.56,   30.026, 1023.918
  27.70,   28.718,   4.463,   27.47, 1462.62,   30.030, 1023.921
  27.90,   28.731,   4.465,   27.67, 1462.65,   30.043, 1023.932
  28.10,   28.735,   4.440,   27.87, 1462.58,   30.071, 1023.957
  28.30,   28.722,   4.381,   28.07, 1462.39,   30.109, 1023.995
  28.60,   28.694,   4.309,   28.37, 1462.14,   30.143, 1024.030
  28.80,   28.651,   4.243,   28.56, 1461.88,   30.153, 1024.045
  29.00,   28.603,   4.186,   28.76, 1461.64,   30.150, 1024.049
  29.20,   28.552,   4.126,   28.96, 1461.38,   30.145, 1024.052
  29.50,   28.518,   4.078,   29.26, 1461.19,   30.149, 1024.061
  29.70,   28.491,   4.045,   29.46, 1461.05,   30.148, 1024.064
  29.90,   28.466,   4.011,   29.66, 1460.91,   30.150, 1024.070
  30.10,   28.440,   3.974,   29.85, 1460.77,   30.154, 1024.077
  30.40,   28.419,   3.943,   30.15, 1460.64,   30.158, 1024.084
  30.60,   28.397,   3.919,   30.35, 1460.54,   30.154, 1024.084
  30.80,   28.378,   3.901,   30.55, 1460.46,   30.148, 1024.082
  31.00,   28.362,   3.887,   30.75, 1460.40,   30.142, 1024.080
  31.30,   28.350,   3.880,   31.04, 1460.36,   30.134, 1024.076
  31.40,   28.345,   3.878,   31.14, 1460.35,   30.130, 1024.073
  31.70,   28.346,   3.885,   31.44, 1460.38,   30.125, 1024.070
  31.90,   28.359,   3.915,   31.64, 1460.49,   30.112, 1024.058
  32.10,   28.376,   3.944,   31.84, 1460.61,   30.106, 1024.051
  32.30,   28.398,   3.975,   32.04, 1460.74,   30.103, 1024.047
  32.60,   28.426,   4.006,   32.33, 1460.88,   30.107, 1024.048
  32.70,   28.455,   4.032,   32.43, 1461.01,   30.117, 1024.054
  33.00,   28.480,   4.043,   32.73, 1461.08,   30.136, 1024.070
  33.20,   28.486,   4.005,   32.93, 1460.98,   30.177, 1024.107
  33.50,   28.467,   3.948,   33.23, 1460.78,   30.208, 1024.138
  33.70,   28.452,   3.907,   33.42, 1460.64,   30.228, 1024.159
  33.80,   28.427,   3.882,   33.52, 1460.52,   30.222, 1024.157
  34.20,   28.397,   3.852,   33.92, 1460.39,   30.214, 1024.155
  34.40,   28.369,   3.822,   34.12, 1460.26,   30.209, 1024.155
  34.50,   28.348,   3.803,   34.22, 1460.18,   30.202, 1024.151
  34.80,   28.332,   3.792,   34.51, 1460.12,   30.193, 1024.147
  35.00,   28.317,   3.777,   34.71, 1460.06,   30.189, 1024.146
  35.20,   28.304,   3.758,   34.91, 1459.98,   30.191, 1024.150
  35.50,   28.291,   3.743,   35.21, 1459.92,   30.190, 1024.152
  35.60,   28.283,   3.746,   35.31, 1459.92,   30.177, 1024.142
  35.90,   28.290,   3.766,   35.61, 1460.00,   30.167, 1024.134
  36.10,   28.294,   3.772,   35.80, 1460.02,   30.166, 1024.133
  36.30,   28.294,   3.764,   36.00, 1460.00,   30.173, 1024.141
  36.60,   28.302,   3.760,   36.30, 1460.01,   30.186, 1024.153
  36.80,   28.304,   3.763,   36.50, 1460.02,   30.186, 1024.153
  37.00,   28.311,   3.785,   36.70, 1460.10,   30.174, 1024.142
  37.10,   28.325,   3.812,   36.80, 1460.21,   30.165, 1024.133
  37.50,   28.340,   3.834,   37.19, 1460.30,   30.162, 1024.131
  37.80,   28.361,   3.864,   37.49, 1460.43,   30.159, 1024.127
  37.90,   28.390,   3.900,   37.59, 1460.59,   30.160, 1024.125
  38.10,   28.415,   3.929,   37.79, 1460.72,   30.162, 1024.125
  38.40,   28.434,   3.946,   38.08, 1460.80,   30.169, 1024.130
  38.50,   28.452,   3.956,   38.18, 1460.86,   30.180, 1024.139
  38.90,   28.465,   3.958,   38.58, 1460.89,   30.193, 1024.151
  39.00,   28.471,   3.957,   38.68, 1460.90,   30.201, 1024.158
  39.20,   28.476,   3.962,   38.88, 1460.93,   30.202, 1024.159
  39.50,   28.480,   3.967,   39.18, 1460.95,   30.202, 1024.160
  39.70,   28.481,   3.963,   39.37, 1460.94,   30.207, 1024.165
  39.90,   28.481,   3.949,   39.57, 1460.90,   30.220, 1024.178
  40.10,   28.475,   3.932,   39.77, 1460.85,   30.229, 1024.187
  40.30,   28.466,   3.921,   39.97, 1460.80,   30.228, 1024.189
  40.50,   28.458,   3.920,   40.17, 1460.79,   30.220, 1024.183
  40.80,   28.452,   3.921,   40.46, 1460.79,   30.211, 1024.178
  41.00,   28.449,   3.918,   40.66, 1460.78,   30.211, 1024.178
  41.20,   28.449,   3.912,   40.86, 1460.76,   30.216, 1024.184
  41.40,   28.450,   3.905,   41.06, 1460.75,   30.224, 1024.192
  41.70,   28.446,   3.899,   41.36, 1460.73,   30.224, 1024.194
  41.80,   28.439,   3.888,   41.46, 1460.69,   30.226, 1024.197
  42.10,   28.429,   3.870,   41.75, 1460.62,   30.231, 1024.204
  42.30,   28.418,   3.853,   41.95, 1460.56,   30.234, 1024.209
  42.60,   28.411,   3.837,   42.25, 1460.50,   30.240, 1024.217
  42.80,   28.404,   3.826,   42.45, 1460.46,   30.242, 1024.220
  42.90,   28.399,   3.820,   42.55, 1460.44,   30.242, 1024.221
  43.20,   28.398,   3.818,   42.84, 1460.43,   30.242, 1024.223
  43.50,   28.399,   3.820,   43.14, 1460.44,   30.241, 1024.223
  43.60,   28.403,   3.821,   43.24, 1460.46,   30.245, 1024.227
  43.90,   28.407,   3.821,   43.54, 1460.47,   30.250, 1024.232
  44.10,   28.409,   3.817,   43.74, 1460.46,   30.256, 1024.238
  44.20,   28.410,   3.811,   43.84, 1460.45,   30.262, 1024.244
  44.50,   28.412,   3.807,   44.13, 1460.44,   30.268, 1024.251
  44.70,   28.413,   3.805,   44.33, 1460.44,   30.271, 1024.254
  44.90,   28.412,   3.803,   44.53, 1460.43,   30.272, 1024.256
  45.10,   28.411,   3.801,   44.73, 1460.43,   30.272, 1024.257
  45.30,   28.413,   3.797,   44.93, 1460.42,   30.278, 1024.263
  45.60,   28.410,   3.782,   45.22, 1460.38,   30.288, 1024.274
  45.70,   28.400,   3.750,   45.32, 1460.27,   30.306, 1024.292
  46.00,   28.384,   3.715,   45.62, 1460.14,   30.320, 1024.307
  46.20,   28.364,   3.685,   45.82, 1460.02,   30.324, 1024.314
  46.50,   28.344,   3.663,   46.12, 1459.93,   30.321, 1024.315
  46.60,   28.325,   3.647,   46.22, 1459.85,   30.313, 1024.311
  46.90,   28.308,   3.633,   46.51, 1459.79,   30.306, 1024.308
  47.00,   28.299,   3.622,   46.61, 1459.74,   30.306, 1024.309
  47.30,   28.290,   3.611,   46.91, 1459.70,   30.305, 1024.311
  47.50,   28.281,   3.599,   47.11, 1459.65,   30.306, 1024.313
  47.80,   28.272,   3.586,   47.41, 1459.60,   30.307, 1024.317
  47.80,   28.261,   3.572,   47.41, 1459.55,   30.307, 1024.318
  48.20,   28.251,   3.560,   47.80, 1459.50,   30.306, 1024.320
  48.30,   28.244,   3.551,   47.90, 1459.46,   30.306, 1024.322
  48.60,   28.238,   3.546,   48.20, 1459.44,   30.304, 1024.321
  48.80,   28.236,   3.546,   48.40, 1459.44,   30.301, 1024.320
  49.00,   28.234,   3.549,   48.60, 1459.45,   30.296, 1024.317
  49.10,   28.233,   3.546,   48.70, 1459.44,   30.297, 1024.319
  49.40,   28.230,   3.531,   48.99, 1459.40,   30.308, 1024.330
  49.60,   28.221,   3.515,   49.19, 1459.34,   30.312, 1024.335
  49.80,   28.211,   3.503,   49.39, 1459.29,   30.311, 1024.337
  50.10,   28.203,   3.500,   49.69, 1459.27,   30.304, 1024.333
  50.20,   28.197,   3.495,   49.79, 1459.25,   30.302, 1024.332
  50.50,   28.194,   3.495,   50.08, 1459.25,   30.298, 1024.330
  50.70,   28.202,   3.505,   50.28, 1459.29,   30.298, 1024.330
  50.90,   28.207,   3.512,   50.48, 1459.33,   30.297, 1024.330
  51.10,   28.207,   3.510,   50.68, 1459.32,   30.299, 1024.333
  51.30,   28.207,   3.495,   50.88, 1459.28,   30.313, 1024.346
  51.60,   28.203,   3.481,   51.17, 1459.24,   30.321, 1024.355
  51.80,   28.202,   3.481,   51.37, 1459.24,   30.320, 1024.355
  52.00,   28.200,   3.490,   51.57, 1459.27,   30.309, 1024.347
  52.10,   28.206,   3.508,   51.67, 1459.33,   30.299, 1024.338
  52.40,   28.221,   3.527,   51.97, 1459.42,   30.299, 1024.337
  52.60,   28.238,   3.541,   52.17, 1459.49,   30.306, 1024.343
  52.80,   28.251,   3.548,   52.36, 1459.53,   30.315, 1024.350
  53.00,   28.262,   3.546,   52.56, 1459.55,   30.330, 1024.363
  53.20,   28.268,   3.533,   52.76, 1459.52,   30.349, 1024.380
  53.50,   28.262,   3.510,   53.06, 1459.45,   30.363, 1024.395
  53.70,   28.251,   3.490,   53.26, 1459.37,   30.369, 1024.402
  53.80,   28.241,   3.477,   53.36, 1459.32,   30.369, 1024.404
  54.10,   28.230,   3.469,   53.65, 1459.28,   30.363, 1024.401
  54.20,   28.221,   3.460,   53.75, 1459.24,   30.361, 1024.401
  54.50,   28.214,   3.446,   54.05, 1459.19,   30.366, 1024.407
  54.80,   28.205,   3.434,   54.35, 1459.15,   30.366, 1024.410
  55.00,   28.196,   3.427,   54.55, 1459.11,   30.362, 1024.408
  55.10,   28.188,   3.420,   54.65, 1459.08,   30.359, 1024.407
  55.30,   28.183,   3.414,   54.84, 1459.06,   30.358, 1024.408
  55.50,   28.181,   3.410,   55.04, 1459.05,   30.360, 1024.410
  55.80,   28.178,   3.406,   55.34, 1459.03,   30.360, 1024.412
  55.90,   28.178,   3.403,   55.44, 1459.03,   30.362, 1024.415
  56.20,   28.175,   3.402,   55.74, 1459.02,   30.360, 1024.414
  56.40,   28.174,   3.401,   55.93, 1459.02,   30.359, 1024.415
  56.60,   28.172,   3.400,   56.13, 1459.02,   30.358, 1024.415
  56.80,   28.172,   3.402,   56.33, 1459.03,   30.356, 1024.414
  57.00,   28.174,   3.404,   56.53, 1459.04,   30.356, 1024.415
  57.20,   28.176,   3.411,   56.73, 1459.07,   30.352, 1024.412
  57.40,   28.182,   3.425,   56.93, 1459.12,   30.346, 1024.407
  57.60,   28.192,   3.446,   57.12, 1459.21,   30.338, 1024.400
  57.90,   28.206,   3.467,   57.42, 1459.30,   30.335, 1024.397
  58.00,   28.221,   3.486,   57.52, 1459.38,   30.335, 1024.396
  58.30,   28.234,   3.502,   57.82, 1459.45,   30.335, 1024.396
  58.40,   28.249,   3.517,   57.92, 1459.52,   30.339, 1024.398
  58.70,   28.259,   3.522,   58.22, 1459.56,   30.346, 1024.404
  58.90,   28.267,   3.526,   58.41, 1459.59,   30.351, 1024.410
  59.00,   28.279,   3.539,   58.51, 1459.65,   30.353, 1024.410
  59.40,   28.295,   3.563,   58.91, 1459.75,   30.350, 1024.407
  59.50,   28.312,   3.580,   59.01, 1459.83,   30.354, 1024.410
  59.70,   28.316,   3.565,   59.21, 1459.79,   30.373, 1024.427
  59.80,   28.308,   3.515,   59.31, 1459.63,   30.410, 1024.461
  60.20,   28.288,   3.454,   59.70, 1459.42,   30.443, 1024.495
  60.30,   28.256,   3.406,   59.80, 1459.22,   30.450, 1024.505
  60.50,   28.223,   3.375,   60.00, 1459.08,   30.440, 1024.500
  60.80,   28.194,   3.353,   60.30, 1458.97,   30.426, 1024.493
  60.90,   28.170,   3.331,   60.40, 1458.87,   30.418, 1024.489
  61.20,   28.154,   3.312,   60.69, 1458.79,   30.416, 1024.491
  61.30,   28.141,   3.297,   60.79, 1458.73,   30.415, 1024.491
  61.60,   28.128,   3.286,   61.09, 1458.68,   30.410, 1024.489
  61.80,   28.121,   3.286,   61.29, 1458.67,   30.401, 1024.484
  62.00,   28.125,   3.299,   61.49, 1458.72,   30.394, 1024.477
  62.20,   28.132,   3.313,   61.69, 1458.78,   30.389, 1024.473
  62.40,   28.138,   3.319,   61.88, 1458.81,   30.390, 1024.475
  62.60,   28.145,   3.317,   62.08, 1458.82,   30.400, 1024.484
  62.80,   28.147,   3.311,   62.28, 1458.80,   30.408, 1024.492
  63.10,   28.144,   3.306,   62.58, 1458.79,   30.409, 1024.494
  63.30,   28.145,   3.305,   62.78, 1458.79,   30.411, 1024.497
  63.40,   28.142,   3.299,   62.88, 1458.77,   30.413, 1024.499
  63.60,   28.136,   3.293,   63.07, 1458.74,   30.412, 1024.500
  63.90,   28.135,   3.290,   63.37, 1458.74,   30.413, 1024.503
  64.10,   28.133,   3.289,   63.57, 1458.73,   30.412, 1024.502
  64.20,   28.133,   3.287,   63.67, 1458.73,   30.413, 1024.504
  64.50,   28.133,   3.286,   63.97, 1458.73,   30.414, 1024.507
  64.70,   28.134,   3.290,   64.16, 1458.75,   30.412, 1024.505
  64.90,   28.139,   3.298,   64.36, 1458.78,   30.410, 1024.504
  65.10,   28.143,   3.306,   64.56, 1458.82,   30.407, 1024.502
  65.20,   28.151,   3.317,   64.66, 1458.87,   30.406, 1024.501
  65.60,   28.160,   3.331,   65.06, 1458.93,   30.404, 1024.499
  65.70,   28.173,   3.346,   65.16, 1459.00,   30.405, 1024.500
  66.00,   28.184,   3.362,   65.45, 1459.07,   30.403, 1024.498
  66.10,   28.200,   3.383,   65.55, 1459.16,   30.402, 1024.496
  66.30,   28.218,   3.401,   65.75, 1459.24,   30.407, 1024.499
  66.50,   28.231,   3.410,   65.95, 1459.29,   30.413, 1024.505
  66.70,   28.241,   3.412,   66.15, 1459.32,   30.423, 1024.513
  67.00,   28.248,   3.410,   66.45, 1459.33,   30.433, 1024.523
  67.10,   28.246,   3.395,   66.54, 1459.28,   30.445, 1024.534
  67.40,   28.230,   3.350,   66.84, 1459.12,   30.468, 1024.558
  67.60,   28.209,   3.307,   67.04, 1458.96,   30.483, 1024.574
  67.70,   28.187,   3.273,   67.14, 1458.82,   30.489, 1024.582
  68.00,   28.161,   3.249,   67.44, 1458.72,   30.481, 1024.579
  68.20,   28.141,   3.231,   67.64, 1458.63,   30.474, 1024.576
  68.40,   28.125,   3.215,   67.83, 1458.56,   30.469, 1024.575
  68.60,   28.112,   3.201,   68.03, 1458.50,   30.467, 1024.575
  68.80,   28.100,   3.189,   68.23, 1458.45,   30.464, 1024.575
  68.90,   28.090,   3.178,   68.33, 1458.40,   30.462, 1024.575
  69.20,   28.082,   3.167,   68.63, 1458.36,   30.463, 1024.577
  69.30,   28.078,   3.163,   68.73, 1458.34,   30.462, 1024.577
  69.60,   28.077,   3.163,   69.02, 1458.35,   30.460, 1024.578
  69.80,   28.077,   3.168,   69.22, 1458.36,   30.456, 1024.574
  69.90,   28.081,   3.176,   69.32, 1458.40,   30.453, 1024.572
  70.20,   28.087,   3.184,   69.62, 1458.44,   30.452, 1024.572
  70.40,   28.093,   3.193,   69.82, 1458.48,   30.451, 1024.571
  70.60,   28.100,   3.200,   70.01, 1458.51,   30.453, 1024.573
  70.80,   28.104,   3.204,   70.21, 1458.53,   30.454, 1024.574
  71.00,   28.110,   3.203,   70.41, 1458.54,   30.462, 1024.582
  71.20,   28.110,   3.193,   70.61, 1458.51,   30.471, 1024.591
  71.40,   28.102,   3.177,   70.81, 1458.46,   30.476, 1024.598
  71.60,   28.093,   3.161,   71.01, 1458.40,   30.481, 1024.603
  71.90,   28.080,   3.145,   71.30, 1458.33,   30.480, 1024.606
  72.00,   28.064,   3.121,   71.40, 1458.23,   30.483, 1024.611
  72.20,   28.044,   3.090,   71.60, 1458.11,   30.489, 1024.618
  72.40,   28.028,   3.063,   71.80, 1458.00,   30.495, 1024.627
  72.60,   28.013,   3.045,   72.00, 1457.93,   30.494, 1024.628
  72.80,   27.998,   3.037,   72.20, 1457.88,   30.483, 1024.621
  73.00,   27.991,   3.035,   72.39, 1457.87,   30.477, 1024.617
  73.20,   27.986,   3.036,   72.59, 1457.87,   30.470, 1024.612
  73.50,   27.986,   3.038,   72.89, 1457.88,   30.467, 1024.612
  73.60,   27.990,   3.044,   72.99, 1457.91,   30.467, 1024.611
  73.90,   27.996,   3.051,   73.29, 1457.94,   30.467, 1024.612
  74.00,   28.002,   3.056,   73.39, 1457.97,   30.469, 1024.614
  74.20,   28.008,   3.059,   73.58, 1457.99,   30.474, 1024.619
  74.40,   28.012,   3.060,   73.78, 1458.00,   30.477, 1024.622
  74.60,   28.015,   3.061,   73.98, 1458.01,   30.480, 1024.625
  74.90,   28.017,   3.061,   74.28, 1458.02,   30.482, 1024.629
  75.10,   28.017,   3.061,   74.48, 1458.02,   30.482, 1024.629
  75.30,   28.017,   3.061,   74.68, 1458.03,   30.482, 1024.630
  75.40,   28.018,   3.063,   74.77, 1458.04,   30.481, 1024.630
  75.60,   28.020,   3.067,   74.97, 1458.05,   30.480, 1024.629
  75.80,   28.024,   3.075,   75.17, 1458.09,   30.477, 1024.627
  76.10,   28.030,   3.085,   75.47, 1458.13,   30.475, 1024.626
  76.20,   28.038,   3.095,   75.57, 1458.18,   30.475, 1024.626
  76.50,   28.046,   3.102,   75.86, 1458.22,   30.477, 1024.629
  76.60,   28.052,   3.106,   75.96, 1458.24,   30.481, 1024.632
  76.90,   28.056,   3.109,   76.26, 1458.26,   30.483, 1024.634
  77.00,   28.061,   3.112,   76.36, 1458.28,   30.486, 1024.637
  77.30,   28.065,   3.114,   76.66, 1458.30,   30.489, 1024.640
  77.40,   28.067,   3.116,   76.76, 1458.31,   30.489, 1024.641
  77.70,   28.070,   3.120,   77.05, 1458.33,   30.489, 1024.642
  77.80,   28.076,   3.131,   77.15, 1458.37,   30.485, 1024.639
  78.10,   28.085,   3.143,   77.45, 1458.43,   30.485, 1024.639
  78.30,   28.093,   3.154,   77.65, 1458.48,   30.484, 1024.638
  78.40,   28.101,   3.161,   77.75, 1458.51,   30.487, 1024.640
  78.70,   28.110,   3.166,   78.05, 1458.55,   30.493, 1024.646
  78.90,   28.118,   3.173,   78.24, 1458.59,   30.495, 1024.649
  79.10,   28.127,   3.184,   78.44, 1458.64,   30.496, 1024.649
  79.30,   28.137,   3.199,   78.64, 1458.70,   30.493, 1024.647
  79.40,   28.149,   3.217,   78.74, 1458.78,   30.491, 1024.643
  79.60,   28.163,   3.235,   78.94, 1458.86,   30.490, 1024.643
  79.90,   28.176,   3.248,   79.24, 1458.92,   30.494, 1024.645
  80.00,   28.189,   3.259,   79.34, 1458.98,   30.499, 1024.649
  80.30,   28.199,   3.267,   79.63, 1459.02,   30.503, 1024.653
  80.50,   28.208,   3.276,   79.83, 1459.07,   30.505, 1024.655
  80.60,   28.216,   3.284,   79.93, 1459.11,   30.507, 1024.656
  80.80,   28.223,   3.291,   80.13, 1459.14,   30.509, 1024.658
  81.00,   28.230,   3.297,   80.33, 1459.17,   30.511, 1024.660
  81.30,   28.236,   3.302,   80.62, 1459.20,   30.514, 1024.663
  81.40,   28.241,   3.308,   80.72, 1459.23,   30.514, 1024.663
  81.60,   28.247,   3.315,   80.92, 1459.26,   30.514, 1024.664
  81.80,   28.253,   3.321,   81.12, 1459.29,   30.516, 1024.666
  82.10,   28.259,   3.328,   81.42, 1459.33,   30.516, 1024.667
  82.20,   28.265,   3.335,   81.52, 1459.36,   30.517, 1024.667
  82.40,   28.271,   3.341,   81.71, 1459.39,   30.518, 1024.669
  82.70,   28.277,   3.346,   82.01, 1459.42,   30.520, 1024.671
  82.80,   28.282,   3.352,   82.11, 1459.45,   30.520, 1024.671
  83.00,   28.288,   3.359,   82.31, 1459.48,   30.521, 1024.672
  83.30,   28.293,   3.364,   82.61, 1459.51,   30.522, 1024.674
  83.40,   28.298,   3.368,   82.71, 1459.53,   30.524, 1024.676
  83.70,   28.304,   3.373,   83.00, 1459.56,   30.526, 1024.679
  83.80,   28.310,   3.379,   83.10, 1459.59,   30.528, 1024.680
  84.10,   28.315,   3.386,   83.40, 1459.63,   30.527, 1024.680
  84.20,   28.322,   3.392,   83.50, 1459.66,   30.530, 1024.682
  84.40,   28.329,   3.399,   83.70, 1459.69,   30.531, 1024.684
  84.70,   28.337,   3.407,   84.00, 1459.73,   30.533, 1024.686
  84.80,   28.347,   3.423,   84.09, 1459.80,   30.530, 1024.682
  85.00,   28.365,   3.450,   84.29, 1459.91,   30.526, 1024.678
  85.20,   28.381,   3.481,   84.49, 1460.03,   30.516, 1024.668
  85.50,   28.412,   3.528,   84.79, 1460.23,   30.508, 1024.659
  85.60,   28.444,   3.573,   84.89, 1460.42,   30.504, 1024.652
  85.80,   28.472,   3.603,   85.09, 1460.56,   30.509, 1024.654
  86.00,   28.501,   3.619,   85.28, 1460.65,   30.528, 1024.669
  86.20,   28.522,   3.631,   85.48, 1460.72,   30.541, 1024.679
  86.40,   28.541,   3.648,   85.68, 1460.81,   30.548, 1024.684
  86.60,   28.557,   3.668,   85.88, 1460.90,   30.548, 1024.683
  86.70,   28.570,   3.691,   85.98, 1460.99,   30.541, 1024.676
  86.90,   28.588,   3.711,   86.18, 1461.08,   30.544, 1024.677
  87.20,   28.604,   3.720,   86.47, 1461.13,   30.554, 1024.686
  87.30,   28.611,   3.717,   86.57, 1461.14,   30.565, 1024.696
  87.50,   28.611,   3.696,   86.77, 1461.08,   30.585, 1024.714
  87.70,   28.601,   3.665,   86.97, 1460.97,   30.602, 1024.731
  88.00,   28.586,   3.636,   87.27, 1460.86,   30.611, 1024.743
  88.10,   28.566,   3.609,   87.37, 1460.75,   30.613, 1024.747
  88.40,   28.544,   3.585,   87.66, 1460.65,   30.609, 1024.748
  88.60,   28.525,   3.564,   87.86, 1460.56,   30.607, 1024.748
  88.70,   28.508,   3.544,   87.96, 1460.48,   30.605, 1024.750
  89.00,   28.490,   3.522,   88.26, 1460.39,   30.604, 1024.752
  89.10,   28.474,   3.499,   88.36, 1460.29,   30.607, 1024.757
  89.30,   28.457,   3.473,   88.56, 1460.19,   30.611, 1024.764
  89.50,   28.439,   3.451,   88.75, 1460.10,   30.611, 1024.766
  89.70,   28.423,   3.434,   88.95, 1460.03,   30.607, 1024.766
  89.90,   28.407,   3.420,   89.15, 1459.96,   30.602, 1024.763
  90.10,   28.394,   3.410,   89.35, 1459.91,   30.595, 1024.760
  90.30,   28.385,   3.404,   89.55, 1459.89,   30.590, 1024.758
  90.40,   28.381,   3.404,   89.65, 1459.88,   30.585, 1024.754
  90.70,   28.382,   3.410,   89.94, 1459.90,   30.581, 1024.752
  90.80,   28.384,   3.416,   90.04, 1459.93,   30.578, 1024.749
  91.10,   28.389,   3.422,   90.34, 1459.96,   30.578, 1024.750
  91.20,   28.397,   3.431,   90.44, 1460.00,   30.579, 1024.750
  91.40,   28.410,   3.452,   90.64, 1460.09,   30.574, 1024.746
  91.60,   28.428,   3.484,   90.84, 1460.22,   30.565, 1024.737
  91.80,   28.455,   3.526,   91.03, 1460.39,   30.558, 1024.728
  92.00,   28.483,   3.566,   91.23, 1460.56,   30.553, 1024.722
  92.10,   28.511,   3.598,   91.33, 1460.70,   30.556, 1024.722
  92.40,   28.538,   3.622,   91.63, 1460.82,   30.566, 1024.729
  92.60,   28.563,   3.638,   91.83, 1460.91,   30.580, 1024.739
  92.70,   28.582,   3.651,   91.93, 1460.98,   30.590, 1024.747
  93.00,   28.594,   3.659,   92.22, 1461.02,   30.597, 1024.753
  93.10,   28.602,   3.664,   92.32, 1461.05,   30.601, 1024.756
  93.40,   28.611,   3.670,   92.62, 1461.09,   30.606, 1024.761
  93.50,   28.615,   3.676,   92.72, 1461.12,   30.605, 1024.760
  93.70,   28.620,   3.681,   92.92, 1461.14,   30.606, 1024.762
  93.90,   28.627,   3.685,   93.12, 1461.17,   30.611, 1024.766
  94.10,   28.633,   3.690,   93.31, 1461.20,   30.613, 1024.768
  94.30,   28.639,   3.697,   93.51, 1461.23,   30.613, 1024.769
  94.50,   28.646,   3.704,   93.71, 1461.26,   30.615, 1024.770
  94.60,   28.654,   3.710,   93.81, 1461.30,   30.619, 1024.773
  94.90,   28.660,   3.714,   94.11, 1461.32,   30.622, 1024.777
  95.00,   28.664,   3.717,   94.21, 1461.34,   30.624, 1024.778
  95.30,   28.666,   3.719,   94.50, 1461.35,   30.624, 1024.780
  95.40,   28.669,   3.722,   94.60, 1461.37,   30.625, 1024.781
  95.70,   28.672,   3.726,   94.90, 1461.39,   30.624, 1024.781
  95.80,   28.680,   3.735,   95.00, 1461.43,   30.625, 1024.782
  96.00,   28.690,   3.747,   95.20, 1461.49,   30.626, 1024.782
  96.20,   28.699,   3.758,   95.40, 1461.54,   30.626, 1024.782
  96.40,   28.708,   3.767,   95.60, 1461.58,   30.628, 1024.784
  96.60,   28.718,   3.776,   95.79, 1461.62,   30.631, 1024.786
  96.80,   28.727,   3.787,   95.99, 1461.68,   30.631, 1024.786
  97.00,   28.733,   3.796,   96.19, 1461.71,   30.630, 1024.785
  97.20,   28.742,   3.804,   96.39, 1461.76,   30.633, 1024.788
  97.30,   28.752,   3.810,   96.49, 1461.79,   30.639, 1024.793
  97.60,   28.757,   3.810,   96.78, 1461.80,   30.645, 1024.799
  97.70,   28.757,   3.805,   96.88, 1461.79,   30.649, 1024.803
  97.90,   28.757,   3.798,   97.08, 1461.77,   30.656, 1024.810
  98.10,   28.754,   3.790,   97.28, 1461.75,   30.660, 1024.815
  98.30,   28.749,   3.784,   97.48, 1461.72,   30.659, 1024.816
  98.50,   28.745,   3.781,   97.68, 1461.71,   30.657, 1024.816
  98.70,   28.741,   3.777,   97.88, 1461.70,   30.656, 1024.816
  98.80,   28.733,   3.763,   97.97, 1461.64,   30.660, 1024.821
  99.10,   28.723,   3.744,   98.27, 1461.57,   30.666, 1024.829
  99.30,   28.710,   3.718,   98.47, 1461.48,   30.675, 1024.839
  99.40,   28.692,   3.691,   98.57, 1461.37,   30.679, 1024.845
  99.60,   28.671,   3.658,   98.77, 1461.24,   30.685, 1024.854
  99.80,   28.643,   3.604,   98.97, 1461.04,   30.703, 1024.874
 100.00,   28.604,   3.533,   99.16, 1460.77,   30.724, 1024.898
 100.10,   28.556,   3.458,   99.26, 1460.47,   30.738, 1024.916
 100.40,   28.497,   3.387,   99.56, 1460.16,   30.734, 1024.921
 100.60,   28.442,   3.331,   99.76, 1459.91,   30.722, 1024.917
 100.70,   28.397,   3.292,   99.86, 1459.72,   30.705, 1024.908
 100.90,   28.361,   3.267,  100.06, 1459.59,   30.686, 1024.895
 101.10,   28.337,   3.251,  100.25, 1459.51,   30.672, 1024.887
 101.30,   28.321,   3.242,  100.45, 1459.46,   30.662, 1024.880
 101.40,   28.307,   3.229,  100.55, 1459.40,   30.657, 1024.878
 101.80,   28.295,   3.213,  100.95, 1459.34,   30.658, 1024.882
 101.90,   28.287,   3.201,  101.05, 1459.29,   30.660, 1024.885
 102.10,   28.279,   3.195,  101.25, 1459.27,   30.656, 1024.883
 102.30,   28.272,   3.193,  101.44, 1459.25,   30.649, 1024.879
 102.40,   28.269,   3.191,  101.54, 1459.24,   30.647, 1024.878
 102.70,   28.267,   3.191,  101.84, 1459.24,   30.645, 1024.878
 102.80,   28.269,   3.197,  101.94, 1459.27,   30.641, 1024.875
 103.00,   28.280,   3.219,  102.14, 1459.35,   30.634, 1024.868
 103.10,   28.292,   3.246,  102.24, 1459.46,   30.622, 1024.857
 103.40,   28.303,   3.265,  102.53, 1459.54,   30.617, 1024.853
 103.50,   28.319,   3.278,  102.63, 1459.60,   30.624, 1024.858
 103.70,   28.333,   3.287,  102.83, 1459.66,   30.632, 1024.864
 104.00,   28.342,   3.291,  103.13, 1459.69,   30.639, 1024.871
 104.20,   28.346,   3.288,  103.33, 1459.69,   30.646, 1024.878
 104.30,   28.345,   3.277,  103.43, 1459.65,   30.656, 1024.887
 104.50,   28.337,   3.257,  103.63, 1459.58,   30.665, 1024.897
 104.80,   28.325,   3.236,  103.92, 1459.50,   30.670, 1024.904
 104.90,   28.313,   3.219,  104.02, 1459.44,   30.672, 1024.907
 105.10,   28.302,   3.209,  104.22, 1459.39,   30.668, 1024.906
 105.20,   28.293,   3.205,  104.32, 1459.37,   30.661, 1024.901
 105.50,   28.288,   3.204,  104.62, 1459.36,   30.656, 1024.899
 105.60,   28.286,   3.205,  104.72, 1459.36,   30.653, 1024.897
 105.80,   28.286,   3.205,  104.91, 1459.36,   30.653, 1024.897
 106.00,   28.286,   3.205,  105.11, 1459.37,   30.652, 1024.898
 106.20,   28.286,   3.207,  105.31, 1459.38,   30.650, 1024.897
 106.30,   28.291,   3.219,  105.41, 1459.42,   30.645, 1024.893
 106.60,   28.301,   3.238,  105.71, 1459.50,   30.639, 1024.887
 106.80,   28.314,   3.263,  105.91, 1459.60,   30.631, 1024.880
 107.00,   28.333,   3.292,  106.10, 1459.72,   30.626, 1024.874
 107.10,   28.354,   3.317,  106.20, 1459.83,   30.627, 1024.874
 107.40,   28.380,   3.353,  106.50, 1459.99,   30.624, 1024.869
 107.50,   28.407,   3.388,  106.60, 1460.14,   30.623, 1024.866
 107.70,   28.430,   3.411,  106.80, 1460.25,   30.628, 1024.869
 107.90,   28.453,   3.425,  107.00, 1460.33,   30.643, 1024.880
 108.10,   28.471,   3.436,  107.19, 1460.39,   30.653, 1024.889
 108.30,   28.481,   3.447,  107.39, 1460.45,   30.655, 1024.890
 108.50,   28.487,   3.456,  107.59, 1460.49,   30.653, 1024.889
 108.60,   28.492,   3.466,  107.69, 1460.52,   30.650, 1024.886
 108.80,   28.503,   3.482,  107.89, 1460.59,   30.648, 1024.883
 109.10,   28.516,   3.498,  108.19, 1460.67,   30.648, 1024.883
 109.20,   28.529,   3.512,  108.28, 1460.73,   30.650, 1024.884
 109.40,   28.542,   3.529,  108.48, 1460.81,   30.649, 1024.883
 109.60,   28.557,   3.549,  108.68, 1460.89,   30.648, 1024.881
 109.80,   28.570,   3.567,  108.88, 1460.97,   30.646, 1024.879
 110.00,   28.584,   3.583,  109.08, 1461.04,   30.648, 1024.880
 110.10,   28.600,   3.598,  109.18, 1461.12,   30.653, 1024.883
 110.40,   28.616,   3.618,  109.47, 1461.21,   30.653, 1024.882
 110.50,   28.633,   3.644,  109.57, 1461.31,   30.648, 1024.877
 110.70,   28.656,   3.672,  109.77, 1461.44,   30.649, 1024.876
 110.90,   28.676,   3.694,  109.97, 1461.54,   30.652, 1024.877
 111.10,   28.693,   3.709,  110.17, 1461.61,   30.658, 1024.881
 111.30,   28.707,   3.718,  110.37, 1461.66,   30.666, 1024.888
 111.40,   28.718,   3.721,  110.47, 1461.69,   30.676, 1024.896
 111.70,   28.721,   3.711,  110.76, 1461.67,   30.688, 1024.909
 111.90,   28.716,   3.697,  110.96, 1461.62,   30.696, 1024.916
 112.00,   28.715,   3.699,  111.06, 1461.63,   30.692, 1024.914
 112.20,   28.720,   3.721,  111.26, 1461.71,   30.678, 1024.901
 112.30,   28.729,   3.744,  111.36, 1461.79,   30.667, 1024.891
 112.60,   28.747,   3.758,  111.66, 1461.86,   30.674, 1024.897
 112.80,   28.762,   3.764,  111.85, 1461.91,   30.686, 1024.907
 112.90,   28.770,   3.766,  111.95, 1461.93,   30.694, 1024.913
 113.20,   28.772,   3.765,  112.25, 1461.93,   30.697, 1024.917
 113.30,   28.776,   3.776,  112.35, 1461.97,   30.691, 1024.912
 113.50,   28.786,   3.796,  112.55, 1462.05,   30.684, 1024.906
 113.70,   28.797,   3.815,  112.75, 1462.13,   30.679, 1024.901
 113.90,   28.813,   3.827,  112.94, 1462.19,   30.687, 1024.907
 114.10,   28.828,   3.839,  113.14, 1462.26,   30.693, 1024.911
 114.20,   28.842,   3.859,  113.24, 1462.34,   30.691, 1024.908
 114.50,   28.858,   3.889,  113.54, 1462.46,   30.681, 1024.899
 114.60,   28.883,   3.968,  113.64, 1462.74,   30.636, 1024.857
 114.80,   28.948,   4.084,  113.84, 1463.19,   30.604, 1024.821
 115.00,   29.025,   4.182,  114.03, 1463.60,   30.602, 1024.811
 115.20,   29.101,   4.255,  114.23, 1463.94,   30.623, 1024.821
 115.40,   29.165,   4.299,  114.43, 1464.17,   30.656, 1024.844
 115.60,   29.217,   4.320,  114.63, 1464.31,   30.697, 1024.875
 115.70,   29.247,   4.324,  114.73, 1464.37,   30.728, 1024.900
 116.00,   29.257,   4.318,  115.03, 1464.37,   30.745, 1024.915
 116.10,   29.257,   4.305,  115.13, 1464.33,   30.757, 1024.926
 116.30,   29.254,   4.292,  115.32, 1464.29,   30.766, 1024.935
 116.50,   29.246,   4.272,  115.52, 1464.22,   30.775, 1024.946
 116.60,   29.229,   4.248,  115.62, 1464.13,   30.777, 1024.951
 116.90,   29.211,   4.228,  115.92, 1464.05,   30.775, 1024.952
 117.10,   29.200,   4.236,  116.12, 1464.06,   30.755, 1024.936
 117.20,   29.214,   4.286,  116.22, 1464.23,   30.724, 1024.907
 117.40,   29.239,   4.343,  116.41, 1464.44,   30.700, 1024.884
 117.60,   29.278,   4.413,  116.61, 1464.71,   30.680, 1024.862
 117.80,   29.333,   4.479,  116.81, 1464.99,   30.682, 1024.858
 117.90,   29.400,   4.539,  116.91, 1465.27,   30.704, 1024.869
 118.20,   29.470,   4.614,  117.21, 1465.60,   30.715, 1024.871
 118.40,   29.532,   4.681,  117.41, 1465.89,   30.724, 1024.873
 118.50,   29.580,   4.727,  117.50, 1466.10,   30.736, 1024.878
 118.70,   29.618,   4.756,  117.70, 1466.25,   30.753, 1024.889
 118.90,   29.646,   4.772,  117.90, 1466.34,   30.770, 1024.902
 119.10,   29.661,   4.782,  118.10, 1466.39,   30.778, 1024.908
 119.20,   29.676,   4.787,  118.20, 1466.43,   30.791, 1024.918
 119.50,   29.688,   4.791,  118.50, 1466.47,   30.801, 1024.927
 119.60,   29.700,   4.796,  118.59, 1466.50,   30.810, 1024.934
 119.80,   29.710,   4.808,  118.79, 1466.55,   30.810, 1024.934
 120.00,   29.728,   4.839,  118.99, 1466.67,   30.802, 1024.925
 120.10,   29.758,   4.886,  119.09, 1466.86,   30.792, 1024.913
 120.40,   29.788,   4.934,  119.39, 1467.05,   30.782, 1024.901
 120.50,   29.818,   4.973,  119.49, 1467.21,   30.780, 1024.896
 120.60,   29.853,   5.002,  119.59, 1467.34,   30.794, 1024.904
 120.90,   29.877,   5.020,  119.88, 1467.44,   30.804, 1024.911
 121.20,   29.894,   5.030,  120.18, 1467.50,   30.814, 1024.920
 121.30,   29.904,   5.035,  120.28, 1467.53,   30.821, 1024.925
 121.50,   29.914,   5.037,  120.48, 1467.55,   30.830, 1024.933
 121.70,   29.922,   5.033,  120.68, 1467.55,   30.843, 1024.944
 121.80,   29.922,   5.021,  120.78, 1467.52,   30.854, 1024.955
 122.00,   29.914,   4.997,  120.97, 1467.44,   30.867, 1024.969
 122.30,   29.902,   4.984,  121.27, 1467.39,   30.865, 1024.970
 122.30,   29.892,   4.985,  121.27, 1467.38,   30.853, 1024.960
 122.60,   29.888,   4.986,  121.57, 1467.38,   30.847, 1024.957
 122.80,   29.885,   4.977,  121.77, 1467.35,   30.852, 1024.963
 122.90,   29.881,   4.947,  121.87, 1467.26,   30.875, 1024.985
 123.20,   29.859,   4.901,  122.16, 1467.10,   30.893, 1025.005
 123.30,   29.833,   4.866,  122.26, 1466.96,   30.895, 1025.011
 123.50,   29.812,   4.845,  122.46, 1466.87,   30.891, 1025.011
 123.70,   29.788,   4.831,  122.66, 1466.80,   30.876, 1025.002
 123.90,   29.774,   4.826,  122.86, 1466.76,   30.865, 1024.994
 124.10,   29.768,   4.826,  123.06, 1466.76,   30.858, 1024.990
 124.30,   29.765,   4.823,  123.25, 1466.75,   30.857, 1024.990
 124.40,   29.760,   4.810,  123.35, 1466.70,   30.863, 1024.997
 124.60,   29.751,   4.784,  123.55, 1466.62,   30.877, 1025.012
 124.70,   29.738,   4.754,  123.65, 1466.51,   30.890, 1025.025
 125.00,   29.719,   4.724,  123.95, 1466.40,   30.896, 1025.035
 125.10,   29.694,   4.698,  124.05, 1466.29,   30.891, 1025.034
 125.40,   29.674,   4.676,  124.34, 1466.20,   30.888, 1025.036
 125.50,   29.656,   4.661,  124.44, 1466.13,   30.882, 1025.033
 125.70,   29.641,   4.650,  124.64, 1466.08,   30.875, 1025.029
 125.90,   29.630,   4.642,  124.84, 1466.04,   30.869, 1025.027
 126.10,   29.620,   4.636,  125.04, 1466.01,   30.863, 1025.023
 126.20,   29.612,   4.628,  125.14, 1465.98,   30.861, 1025.023
 126.50,   29.607,   4.611,  125.43, 1465.92,   30.871, 1025.034
 126.60,   29.596,   4.587,  125.53, 1465.84,   30.881, 1025.045
 126.80,   29.583,   4.572,  125.73, 1465.78,   30.880, 1025.047
 127.10,   29.572,   4.572,  126.03, 1465.77,   30.867, 1025.038
 127.20,   29.569,   4.589,  126.13, 1465.81,   30.848, 1025.021
 127.30,   29.581,   4.618,  126.23, 1465.92,   30.835, 1025.008
 127.60,   29.600,   4.642,  126.53, 1466.02,   30.834, 1025.007
 127.70,   29.619,   4.659,  126.62, 1466.10,   30.840, 1025.010
 127.90,   29.641,   4.673,  126.82, 1466.18,   30.852, 1025.019
 128.10,   29.657,   4.686,  127.02, 1466.24,   30.858, 1025.024
 128.20,   29.668,   4.699,  127.12, 1466.30,   30.859, 1025.023
 128.50,   29.681,   4.720,  127.42, 1466.39,   30.854, 1025.019
 128.60,   29.700,   4.743,  127.52, 1466.48,   30.855, 1025.017
 128.80,   29.718,   4.764,  127.71, 1466.58,   30.856, 1025.016
 129.00,   29.735,   4.780,  127.91, 1466.65,   30.860, 1025.019
 129.20,   29.753,   4.788,  128.11, 1466.70,   30.873, 1025.030
 129.40,   29.766,   4.788,  128.31, 1466.73,   30.888, 1025.042
 129.50,   29.770,   4.783,  128.41, 1466.72,   30.897, 1025.051
 129.70,   29.769,   4.775,  128.61, 1466.70,   30.903, 1025.057
 129.90,   29.765,   4.766,  128.81, 1466.67,   30.907, 1025.062
 130.10,   29.754,   4.751,  129.00, 1466.61,   30.908, 1025.066
 130.30,   29.741,   4.727,  129.20, 1466.52,   30.916, 1025.075
 130.40,   29.727,   4.697,  129.30, 1466.42,   30.927, 1025.088
 130.70,   29.708,   4.658,  129.60, 1466.28,   30.942, 1025.105
 130.80,   29.676,   4.602,  129.70, 1466.07,   30.957, 1025.123
 131.10,   29.636,   4.535,  129.99, 1465.81,   30.974, 1025.145
 131.10,   29.596,   4.483,  129.99, 1465.60,   30.976, 1025.152
 131.40,   29.552,   4.438,  130.29, 1465.41,   30.967, 1025.151
 131.50,   29.508,   4.387,  130.39, 1465.19,   30.964, 1025.154
 131.70,   29.472,   4.345,  130.59, 1465.02,   30.961, 1025.157
 131.90,   29.439,   4.317,  130.79, 1464.89,   30.949, 1025.151
 132.10,   29.415,   4.297,  130.99, 1464.80,   30.940, 1025.147
 132.30,   29.391,   4.272,  131.18, 1464.69,   30.936, 1025.147
 132.40,   29.369,   4.239,  131.28, 1464.56,   30.941, 1025.155
 132.60,   29.343,   4.200,  131.48, 1464.41,   30.947, 1025.165
 132.80,   29.314,   4.167,  131.68, 1464.27,   30.944, 1025.167
 133.00,   29.286,   4.142,  131.88, 1464.15,   30.935, 1025.163
 133.20,   29.262,   4.122,  132.08, 1464.06,   30.926, 1025.158
 133.30,   29.246,   4.106,  132.18, 1463.99,   30.922, 1025.158
 133.50,   29.232,   4.095,  132.37, 1463.94,   30.916, 1025.155
 133.70,   29.223,   4.088,  132.57, 1463.91,   30.912, 1025.153
 133.90,   29.212,   4.083,  132.77, 1463.88,   30.904, 1025.148
 134.10,   29.205,   4.079,  132.97, 1463.86,   30.899, 1025.146
 134.30,   29.201,   4.076,  133.17, 1463.85,   30.897, 1025.145
 134.40,   29.198,   4.074,  133.27, 1463.84,   30.896, 1025.145
 134.60,   29.195,   4.073,  133.46, 1463.84,   30.893, 1025.144
 134.80,   29.193,   4.071,  133.66, 1463.83,   30.892, 1025.144
 134.90,   29.191,   4.069,  133.76, 1463.82,   30.892, 1025.145
 135.20,   29.191,   4.068,  134.06, 1463.82,   30.893, 1025.147
 135.30,   29.190,   4.069,  134.16, 1463.83,   30.891, 1025.145
 135.50,   29.189,   4.069,  134.36, 1463.83,   30.889, 1025.145
 135.70,   29.189,   4.070,  134.55, 1463.83,   30.888, 1025.145
 135.80,   29.188,   4.070,  134.65, 1463.84,   30.887, 1025.145
 136.00,   29.191,   4.071,  134.85, 1463.85,   30.890, 1025.148
 136.20,   29.194,   4.072,  135.05, 1463.86,   30.892, 1025.150
 136.40,   29.195,   4.073,  135.25, 1463.86,   30.892, 1025.151
 136.50,   29.195,   4.075,  135.35, 1463.87,   30.890, 1025.150
 136.70,   29.197,   4.080,  135.55, 1463.89,   30.888, 1025.149
 137.00,   29.199,   4.085,  135.84, 1463.92,   30.885, 1025.148
 137.10,   29.206,   4.091,  135.94, 1463.95,   30.888, 1025.149
 137.30,   29.213,   4.098,  136.14, 1463.98,   30.889, 1025.151
 137.50,   29.218,   4.105,  136.34, 1464.01,   30.888, 1025.150
 137.60,   29.224,   4.110,  136.44, 1464.04,   30.891, 1025.152
 137.80,   29.229,   4.114,  136.64, 1464.06,   30.893, 1025.154
 138.00,   29.237,   4.119,  136.83, 1464.09,   30.897, 1025.158
 138.10,   29.246,   4.118,  136.93, 1464.10,   30.909, 1025.168
 138.40,   29.242,   4.103,  137.23, 1464.06,   30.918, 1025.178
 138.50,   29.237,   4.086,  137.33, 1464.00,   30.928, 1025.188
 138.70,   29.232,   4.073,  137.53, 1463.96,   30.934, 1025.196
 138.80,   29.221,   4.065,  137.63, 1463.92,   30.929, 1025.193
 139.10,   29.212,   4.060,  137.92, 1463.89,   30.923, 1025.190
 139.20,   29.209,   4.058,  138.02, 1463.88,   30.921, 1025.189
 139.40,   29.210,   4.062,  138.22, 1463.90,   30.919, 1025.187
 139.60,   29.213,   4.068,  138.42, 1463.93,   30.916, 1025.186
 139.80,   29.218,   4.074,  138.62, 1463.95,   30.916, 1025.186
 139.90,   29.223,   4.080,  138.72, 1463.98,   30.917, 1025.186
 140.10,   29.229,   4.086,  138.92, 1464.01,   30.918, 1025.188
 140.30,   29.236,   4.097,  139.11, 1464.06,   30.916, 1025.186
 140.40,   29.253,   4.120,  139.21, 1464.15,   30.914, 1025.183
 140.70,   29.277,   4.166,  139.51, 1464.33,   30.898, 1025.167
 140.80,   29.322,   4.240,  139.61, 1464.62,   30.881, 1025.147
 141.10,   29.374,   4.324,  139.91, 1464.96,   30.863, 1025.125
 141.20,   29.430,   4.405,  140.01, 1465.28,   30.852, 1025.109
 141.30,   29.496,   4.475,  140.11, 1465.59,   30.863, 1025.111
 141.60,   29.560,   4.530,  140.40, 1465.85,   30.885, 1025.124
 141.70,   29.618,   4.571,  140.50, 1466.06,   30.914, 1025.143
 141.90,   29.657,   4.599,  140.70, 1466.20,   30.933, 1025.156
 142.10,   29.686,   4.617,  140.90, 1466.30,   30.949, 1025.168
 142.20,   29.712,   4.630,  141.00, 1466.38,   30.967, 1025.181
 142.40,   29.729,   4.641,  141.20, 1466.44,   30.976, 1025.188
 142.50,   29.740,   4.650,  141.29, 1466.49,   30.980, 1025.191
 142.70,   29.748,   4.656,  141.49, 1466.52,   30.984, 1025.194
 143.00,   29.753,   4.662,  141.79, 1466.55,   30.984, 1025.195
 143.10,   29.758,   4.668,  141.89, 1466.58,   30.984, 1025.195
 143.40,   29.765,   4.674,  142.19, 1466.61,   30.986, 1025.197
 143.40,   29.772,   4.681,  142.19, 1466.64,   30.988, 1025.198
 143.60,   29.779,   4.688,  142.38, 1466.67,   30.989, 1025.199
 143.80,   29.788,   4.697,  142.58, 1466.72,   30.991, 1025.201
 144.00,   29.796,   4.710,  142.78, 1466.77,   30.988, 1025.198
 144.10,   29.806,   4.722,  142.88, 1466.82,   30.988, 1025.197
 144.40,   29.818,   4.731,  143.18, 1466.87,   30.994, 1025.202
 144.50,   29.828,   4.734,  143.28, 1466.90,   31.002, 1025.209
 144.70,   29.831,   4.730,  143.48, 1466.89,   31.009, 1025.216
 144.80,   29.833,   4.727,  143.57, 1466.89,   31.014, 1025.221
 145.10,   29.830,   4.717,  143.87, 1466.86,   31.020, 1025.228
 145.20,   29.820,   4.703,  143.97, 1466.80,   31.022, 1025.231
 145.30,   29.812,   4.686,  144.07, 1466.74,   31.028, 1025.238
 145.50,   29.801,   4.671,  144.27, 1466.69,   31.030, 1025.242
 145.70,   29.791,   4.661,  144.47, 1466.64,   31.027, 1025.242
 145.90,   29.782,   4.655,  144.66, 1466.62,   31.022, 1025.240
 146.00,   29.777,   4.651,  144.76, 1466.60,   31.020, 1025.239
 146.30,   29.774,   4.646,  145.06, 1466.58,   31.021, 1025.242
 146.40,   29.770,   4.640,  145.16, 1466.56,   31.022, 1025.244
 146.60,   29.766,   4.638,  145.36, 1466.55,   31.020, 1025.242
 146.70,   29.765,   4.638,  145.46, 1466.55,   31.018, 1025.242
 146.90,   29.760,   4.627,  145.66, 1466.52,   31.023, 1025.248
 147.00,   29.751,   4.609,  145.75, 1466.45,   31.029, 1025.255
 147.30,   29.741,   4.587,  146.05, 1466.38,   31.038, 1025.266
 147.40,   29.723,   4.556,  146.15, 1466.26,   31.046, 1025.276
 147.50,   29.701,   4.524,  146.25, 1466.14,   31.051, 1025.283
 147.70,   29.678,   4.497,  146.45, 1466.02,   31.050, 1025.286
 147.90,   29.655,   4.475,  146.65, 1465.93,   31.044, 1025.285
 148.10,   29.634,   4.459,  146.85, 1465.85,   31.034, 1025.280
 148.30,   29.620,   4.447,  147.04, 1465.80,   31.029, 1025.278
 148.40,   29.611,   4.442,  147.14, 1465.77,   31.023, 1025.274
 148.60,   29.607,   4.442,  147.34, 1465.77,   31.019, 1025.272
 148.70,   29.610,   4.456,  147.44, 1465.82,   31.009, 1025.263
 148.90,   29.625,   4.484,  147.64, 1465.93,   31.000, 1025.254
 149.10,   29.642,   4.513,  147.84, 1466.04,   30.992, 1025.246
 149.20,   29.661,   4.533,  147.94, 1466.13,   30.996, 1025.247
 149.50,   29.682,   4.546,  148.23, 1466.20,   31.007, 1025.256
 149.60,   29.698,   4.552,  148.33, 1466.25,   31.020, 1025.266
 149.80,   29.708,   4.556,  148.53, 1466.28,   31.028, 1025.273
 149.90,   29.712,   4.558,  148.63, 1466.29,   31.031, 1025.275
 150.10,   29.713,   4.557,  148.83, 1466.29,   31.033, 1025.278
 150.30,   29.712,   4.554,  149.03, 1466.28,   31.034, 1025.280
 150.50,   29.710,   4.547,  149.22, 1466.26,   31.038, 1025.285
 150.60,   29.705,   4.539,  149.32, 1466.23,   31.040, 1025.288
 150.80,   29.699,   4.529,  149.52, 1466.20,   31.042, 1025.292
 151.00,   29.691,   4.517,  149.72, 1466.15,   31.044, 1025.295
 151.20,   29.682,   4.506,  149.92, 1466.11,   31.044, 1025.297
 151.30,   29.675,   4.498,  150.02, 1466.08,   31.043, 1025.298
 151.50,   29.669,   4.494,  150.22, 1466.06,   31.040, 1025.297
 151.70,   29.664,   4.491,  150.41, 1466.05,   31.037, 1025.296
 151.90,   29.661,   4.487,  150.61, 1466.04,   31.037, 1025.297
 152.00,   29.659,   4.484,  150.71, 1466.03,   31.038, 1025.298
 152.10,   29.657,   4.481,  150.81, 1466.02,   31.038, 1025.299
 152.40,   29.656,   4.478,  151.11, 1466.01,   31.040, 1025.302
 152.50,   29.654,   4.476,  151.21, 1466.00,   31.039, 1025.302
 152.70,   29.654,   4.479,  151.40, 1466.01,   31.036, 1025.301
 152.80,   29.655,   4.483,  151.50, 1466.03,   31.034, 1025.299
 153.00,   29.657,   4.485,  151.70, 1466.04,   31.034, 1025.300
 153.20,   29.660,   4.487,  151.90, 1466.05,   31.036, 1025.302
 153.30,   29.662,   4.489,  152.00, 1466.07,   31.036, 1025.302
 153.50,   29.666,   4.492,  152.20, 1466.08,   31.038, 1025.304
 153.80,   29.668,   4.496,  152.49, 1466.10,   31.036, 1025.304
 153.80,   29.670,   4.499,  152.49, 1466.11,   31.036, 1025.303
 154.10,   29.673,   4.501,  152.79, 1466.13,   31.037, 1025.306
 154.20,   29.676,   4.500,  152.89, 1466.13,   31.041, 1025.310
 154.40,   29.675,   4.496,  153.09, 1466.12,   31.044, 1025.313
 154.60,   29.673,   4.491,  153.29, 1466.11,   31.046, 1025.316
 154.70,   29.671,   4.488,  153.39, 1466.10,   31.047, 1025.317
 154.90,   29.668,   4.488,  153.58, 1466.10,   31.043, 1025.315
 155.10,   29.670,   4.501,  153.78, 1466.14,   31.033, 1025.307
 155.30,   29.682,   4.532,  153.98, 1466.25,   31.018, 1025.293
 155.40,   29.705,   4.571,  154.08, 1466.40,   31.008, 1025.281
 155.60,   29.732,   4.604,  154.28, 1466.54,   31.008, 1025.279
 155.80,   29.760,   4.628,  154.48, 1466.66,   31.018, 1025.285
 156.00,   29.782,   4.645,  154.68, 1466.75,   31.027, 1025.291
 156.10,   29.801,   4.655,  154.77, 1466.81,   31.039, 1025.301
 156.30,   29.816,   4.661,  154.97, 1466.85,   31.051, 1025.310
 156.50,   29.824,   4.664,  155.17, 1466.87,   31.057, 1025.316
 156.60,   29.828,   4.666,  155.27, 1466.89,   31.060, 1025.318
 156.90,   29.829,   4.667,  155.57, 1466.89,   31.060, 1025.319
 157.00,   29.831,   4.668,  155.67, 1466.90,   31.061, 1025.321
 157.10,   29.832,   4.668,  155.77, 1466.90,   31.062, 1025.322
 157.40,   29.833,   4.668,  156.06, 1466.91,   31.063, 1025.324
 157.50,   29.832,   4.668,  156.16, 1466.91,   31.062, 1025.324
 157.70,   29.834,   4.664,  156.36, 1466.91,   31.068, 1025.330
 157.90,   29.834,   4.662,  156.56, 1466.90,   31.070, 1025.332
 158.00,   29.839,   4.677,  156.66, 1466.96,   31.062, 1025.325
 158.30,   29.853,   4.707,  156.95, 1467.07,   31.049, 1025.313
 158.40,   29.875,   4.736,  157.05, 1467.19,   31.048, 1025.309
 158.50,   29.899,   4.759,  157.15, 1467.29,   31.054, 1025.312
 158.70,   29.918,   4.773,  157.35, 1467.37,   31.062, 1025.318
 158.90,   29.933,   4.779,  157.55, 1467.41,   31.074, 1025.328
 159.10,   29.943,   4.780,  157.75, 1467.43,   31.084, 1025.337
 159.20,   29.947,   4.781,  157.85, 1467.44,   31.088, 1025.340
 159.40,   29.950,   4.785,  158.05, 1467.46,   31.087, 1025.340
 159.60,   29.953,   4.790,  158.24, 1467.48,   31.086, 1025.339
 159.80,   29.956,   4.793,  158.44, 1467.50,   31.087, 1025.340
 159.90,   29.962,   4.797,  158.54, 1467.52,   31.090, 1025.343
 160.10,   29.967,   4.805,  158.74, 1467.55,   31.088, 1025.342
 160.30,   29.976,   4.825,  158.94, 1467.63,   31.079, 1025.334
 160.50,   29.995,   4.850,  159.14, 1467.73,   31.078, 1025.331
 160.60,   30.012,   4.870,  159.23, 1467.82,   31.078, 1025.329
 160.80,   30.028,   4.885,  159.43, 1467.89,   31.083, 1025.332
 161.00,   30.040,   4.896,  159.63, 1467.94,   31.086, 1025.334
 161.20,   30.052,   4.910,  159.83, 1468.00,   31.087, 1025.334
 161.30,   30.068,   4.928,  159.93, 1468.08,   31.088, 1025.334
 161.50,   30.085,   4.950,  160.13, 1468.17,   31.087, 1025.331
 161.60,   30.104,   4.975,  160.23, 1468.28,   31.085, 1025.328
 161.90,   30.124,   5.003,  160.52, 1468.39,   31.082, 1025.324
 162.00,   30.147,   5.026,  160.62, 1468.49,   31.087, 1025.325
 162.20,   30.171,   5.044,  160.82, 1468.58,   31.097, 1025.332
 162.40,   30.194,   5.060,  161.02, 1468.67,   31.108, 1025.340
 162.50,   30.210,   5.075,  161.12, 1468.74,   31.112, 1025.343
 162.70,   30.220,   5.087,  161.32, 1468.79,   31.113, 1025.342
 162.80,   30.234,   5.097,  161.41, 1468.84,   31.119, 1025.347
 163.00,   30.247,   5.108,  161.61, 1468.89,   31.124, 1025.350
 163.20,   30.258,   5.119,  161.81, 1468.94,   31.126, 1025.351
 163.30,   30.267,   5.129,  161.91, 1468.99,   31.127, 1025.351
 163.50,   30.276,   5.135,  162.11, 1469.02,   31.131, 1025.355
 163.70,   30.285,   5.143,  162.31, 1469.06,   31.134, 1025.357
 163.90,   30.294,   5.150,  162.51, 1469.10,   31.138, 1025.360
 164.10,   30.302,   5.159,  162.70, 1469.14,   31.138, 1025.361
 164.20,   30.306,   5.167,  162.80, 1469.17,   31.135, 1025.358
 164.40,   30.315,   5.174,  163.00, 1469.21,   31.139, 1025.361
 164.50,   30.325,   5.180,  163.10, 1469.24,   31.145, 1025.365
 164.80,   30.330,   5.186,  163.40, 1469.27,   31.145, 1025.366
 164.90,   30.335,   5.192,  163.50, 1469.29,   31.145, 1025.366
 165.10,   30.347,   5.206,  163.69, 1469.36,   31.145, 1025.366
 165.30,   30.362,   5.226,  163.89, 1469.44,   31.143, 1025.363
 165.40,   30.378,   5.246,  163.99, 1469.52,   31.143, 1025.361
 165.60,   30.400,   5.269,  164.19, 1469.62,   31.146, 1025.362
 165.80,   30.428,   5.295,  164.39, 1469.74,   31.154, 1025.366
 166.00,   30.450,   5.316,  164.59, 1469.84,   31.159, 1025.368
 166.10,   30.467,   5.328,  164.69, 1469.90,   31.167, 1025.374
 166.30,   30.480,   5.331,  164.88, 1469.93,   31.179, 1025.384
 166.50,   30.483,   5.324,  165.08, 1469.92,   31.189, 1025.393
 166.70,   30.480,   5.310,  165.28, 1469.87,   31.198, 1025.403
 166.80,   30.476,   5.293,  165.38, 1469.82,   31.210, 1025.415
 167.00,   30.468,   5.276,  165.58, 1469.76,   31.216, 1025.423
 167.10,   30.455,   5.264,  165.68, 1469.71,   31.213, 1025.422
 167.40,   30.446,   5.265,  165.97, 1469.71,   31.201, 1025.414
 167.40,   30.448,   5.277,  165.97, 1469.74,   31.192, 1025.406
 167.70,   30.459,   5.289,  166.27, 1469.80,   31.194, 1025.407
 167.80,   30.474,   5.300,  166.37, 1469.85,   31.200, 1025.411
 167.90,   30.480,   5.310,  166.47, 1469.89,   31.198, 1025.408
 168.20,   30.490,   5.322,  166.77, 1469.95,   31.198, 1025.408
 168.30,   30.507,   5.336,  166.87, 1470.01,   31.204, 1025.412
 168.50,   30.516,   5.350,  167.06, 1470.07,   31.201, 1025.409
 168.70,   30.524,   5.362,  167.26, 1470.12,   31.199, 1025.407
 168.90,   30.533,   5.373,  167.46, 1470.17,   31.199, 1025.407
 169.00,   30.542,   5.380,  167.56, 1470.20,   31.202, 1025.409
 169.20,   30.552,   5.385,  167.76, 1470.23,   31.209, 1025.415
 169.30,   30.559,   5.387,  167.86, 1470.25,   31.215, 1025.420
 169.50,   30.563,   5.389,  168.06, 1470.27,   31.217, 1025.422
 169.70,   30.564,   5.394,  168.25, 1470.29,   31.214, 1025.420
 169.80,   30.571,   5.400,  168.35, 1470.31,   31.216, 1025.421
 170.00,   30.579,   5.405,  168.55, 1470.34,   31.220, 1025.425
 170.30,   30.580,   5.406,  168.85, 1470.35,   31.220, 1025.426
 170.40,   30.583,   5.406,  168.95, 1470.36,   31.224, 1025.430
 170.40,   30.586,   5.406,  168.95, 1470.36,   31.227, 1025.432
 170.70,   30.586,   5.399,  169.24, 1470.35,   31.234, 1025.439
 170.90,   30.575,   5.364,  169.44, 1470.23,   31.254, 1025.460
 171.00,   30.541,   5.292,  169.54, 1469.98,   31.282, 1025.492
 171.20,   30.499,   5.221,  169.74, 1469.71,   31.301, 1025.515
 171.40,   30.452,   5.168,  169.94, 1469.50,   31.297, 1025.519
 171.60,   30.408,   5.141,  170.14, 1469.36,   31.272, 1025.503
 171.70,   30.380,   5.133,  170.24, 1469.30,   31.247, 1025.485
 171.90,   30.365,   5.133,  170.43, 1469.28,   31.230, 1025.473
 172.00,   30.361,   5.138,  170.53, 1469.29,   31.221, 1025.465
 172.20,   30.364,   5.143,  170.73, 1469.31,   31.220, 1025.465
 172.40,   30.370,   5.144,  170.93, 1469.32,   31.225, 1025.470
 172.60,   30.373,   5.144,  171.13, 1469.33,   31.229, 1025.474
 172.70,   30.372,   5.144,  171.23, 1469.33,   31.228, 1025.473
 172.90,   30.369,   5.142,  171.42, 1469.32,   31.226, 1025.473
 173.00,   30.366,   5.138,  171.52, 1469.31,   31.226, 1025.474
 173.30,   30.366,   5.134,  171.82, 1469.30,   31.230, 1025.479
 173.40,   30.364,   5.127,  171.92, 1469.28,   31.234, 1025.483
 173.60,   30.355,   5.120,  172.12, 1469.25,   31.230, 1025.482
 173.70,   30.345,   5.111,  172.22, 1469.21,   31.227, 1025.481
 173.90,   30.339,   5.102,  172.42, 1469.18,   31.229, 1025.484
 174.10,   30.334,   5.092,  172.61, 1469.15,   31.232, 1025.489
 174.30,   30.329,   5.083,  172.81, 1469.12,   31.235, 1025.493
 174.40,   30.324,   5.076,  172.91, 1469.09,   31.236, 1025.495
 174.60,   30.315,   5.068,  173.11, 1469.06,   31.233, 1025.495
 174.70,   30.306,   5.058,  173.21, 1469.02,   31.232, 1025.495
 175.00,   30.297,   5.022,  173.51, 1468.90,   31.255, 1025.519
 175.00,   30.266,   4.948,  173.51, 1468.64,   31.289, 1025.554
 175.20,   30.222,   4.870,  173.70, 1468.35,   31.312, 1025.582
 175.50,   30.170,   4.814,  174.00, 1468.12,   31.305, 1025.584
 175.50,   30.119,   4.783,  174.00, 1467.95,   31.275, 1025.564
 175.80,   30.085,   4.768,  174.30, 1467.86,   31.250, 1025.547
 175.90,   30.067,   4.766,  174.40, 1467.83,   31.232, 1025.533
 176.00,   30.062,   4.768,  174.50, 1467.83,   31.224, 1025.527
 176.30,   30.063,   4.771,  174.79, 1467.85,   31.222, 1025.527
 176.30,   30.064,   4.772,  174.79, 1467.85,   31.222, 1025.527
 176.60,   30.064,   4.771,  175.09, 1467.85,   31.223, 1025.529
 176.80,   30.063,   4.765,  175.29, 1467.84,   31.227, 1025.534
 176.80,   30.062,   4.761,  175.29, 1467.83,   31.230, 1025.536
 177.10,   30.066,   4.770,  175.59, 1467.86,   31.226, 1025.534
 177.30,   30.069,   4.781,  175.79, 1467.90,   31.219, 1025.528
 177.30,   30.074,   4.787,  175.79, 1467.93,   31.219, 1025.527
 177.60,   30.082,   4.792,  176.08, 1467.96,   31.224, 1025.532
 177.70,   30.088,   4.793,  176.18, 1467.97,   31.229, 1025.537
 177.80,   30.090,   4.794,  176.28, 1467.98,   31.231, 1025.538
 178.10,   30.089,   4.794,  176.58, 1467.98,   31.229, 1025.538
 178.20,   30.090,   4.794,  176.68, 1467.99,   31.231, 1025.540
 178.40,   30.093,   4.794,  176.88, 1467.99,   31.234, 1025.543
 178.60,   30.095,   4.796,  177.07, 1468.01,   31.234, 1025.544
 178.70,   30.096,   4.800,  177.17, 1468.02,   31.232, 1025.542
 178.90,   30.097,   4.806,  177.37, 1468.04,   31.227, 1025.539
 179.10,   30.102,   4.812,  177.57, 1468.07,   31.227, 1025.539
 179.20,   30.110,   4.818,  177.67, 1468.10,   31.230, 1025.542
 179.40,   30.116,   4.823,  177.87, 1468.13,   31.233, 1025.544
 179.60,   30.119,   4.827,  178.06, 1468.15,   31.232, 1025.544
 179.70,   30.121,   4.830,  178.16, 1468.16,   31.232, 1025.544
 179.90,   30.124,   4.831,  178.36, 1468.17,   31.234, 1025.546
 180.00,   30.127,   4.834,  178.46, 1468.19,   31.235, 1025.547
 180.20,   30.132,   4.840,  178.66, 1468.21,   31.235, 1025.547
 180.30,   30.137,   4.848,  178.76, 1468.25,   31.233, 1025.545
 180.60,   30.143,   4.856,  179.06, 1468.28,   31.232, 1025.545
 180.70,   30.152,   4.861,  179.15, 1468.31,   31.238, 1025.550
 180.90,   30.159,   4.865,  179.35, 1468.34,   31.242, 1025.553
 181.10,   30.165,   4.870,  179.55, 1468.36,   31.244, 1025.555
 181.20,   30.167,   4.874,  179.65, 1468.38,   31.242, 1025.554
 181.40,   30.165,   4.869,  179.85, 1468.37,   31.245, 1025.558
 181.50,   30.161,   4.854,  179.95, 1468.32,   31.254, 1025.567
 181.70,   30.155,   4.839,  180.15, 1468.27,   31.261, 1025.575
 181.80,   30.147,   4.830,  180.24, 1468.23,   31.260, 1025.576
 182.10,   30.137,   4.819,  180.54, 1468.19,   31.259, 1025.578
 182.10,   30.124,   4.805,  180.54, 1468.13,   31.257, 1025.578
 182.40,   30.110,   4.789,  180.84, 1468.07,   31.256, 1025.580
 182.50,   30.098,   4.773,  180.94, 1468.00,   31.257, 1025.583
 182.70,   30.087,   4.760,  181.14, 1467.95,   31.257, 1025.585
 182.80,   30.078,   4.754,  181.24, 1467.92,   31.252, 1025.583
 183.00,   30.071,   4.750,  181.43, 1467.90,   31.248, 1025.580
 183.20,   30.067,   4.746,  181.63, 1467.89,   31.247, 1025.581
 183.40,   30.065,   4.744,  181.83, 1467.88,   31.246, 1025.582
 183.50,   30.060,   4.736,  181.93, 1467.85,   31.248, 1025.585
 183.70,   30.050,   4.720,  182.13, 1467.80,   31.251, 1025.590
 183.90,   30.041,   4.706,  182.33, 1467.75,   31.254, 1025.594
 184.00,   30.033,   4.702,  182.43, 1467.72,   31.249, 1025.591
 184.10,   30.030,   4.708,  182.52, 1467.74,   31.240, 1025.584
 184.30,   30.032,   4.717,  182.72, 1467.77,   31.233, 1025.579
 184.40,   30.036,   4.722,  182.82, 1467.79,   31.233, 1025.578
 184.70,   30.042,   4.725,  183.12, 1467.82,   31.237, 1025.583
 184.80,   30.047,   4.728,  183.22, 1467.83,   31.240, 1025.585
 185.00,   30.050,   4.730,  183.42, 1467.85,   31.241, 1025.587
 185.10,   30.053,   4.730,  183.52, 1467.85,   31.245, 1025.590
 185.20,   30.054,   4.731,  183.61, 1467.86,   31.245, 1025.591
 185.50,   30.054,   4.731,  183.91, 1467.86,   31.245, 1025.592
 185.60,   30.055,   4.734,  184.01, 1467.87,   31.243, 1025.591
 185.70,   30.062,   4.745,  184.11, 1467.92,   31.241, 1025.588
 186.00,   30.075,   4.768,  184.41, 1468.01,   31.234, 1025.582
 186.10,   30.091,   4.794,  184.51, 1468.11,   31.228, 1025.574
 186.30,   30.110,   4.818,  184.70, 1468.21,   31.227, 1025.572
 186.40,   30.132,   4.842,  184.80, 1468.32,   31.230, 1025.572
 186.60,   30.162,   4.875,  185.00, 1468.46,   31.233, 1025.572
 186.70,   30.193,   4.917,  185.10, 1468.63,   31.229, 1025.565
 187.00,   30.227,   4.958,  185.40, 1468.80,   31.229, 1025.562
 187.00,   30.263,   4.992,  185.40, 1468.96,   31.239, 1025.565
 187.20,   30.295,   5.022,  185.60, 1469.09,   31.247, 1025.569
 187.40,   30.330,   5.056,  185.79, 1469.25,   31.255, 1025.573
 187.50,   30.362,   5.086,  185.89, 1469.38,   31.263, 1025.577
 187.70,   30.389,   5.106,  186.09, 1469.48,   31.275, 1025.585
 187.90,   30.409,   5.119,  186.29, 1469.55,   31.286, 1025.592
 188.00,   30.422,   5.127,  186.39, 1469.60,   31.293, 1025.598
 188.10,   30.432,   5.134,  186.49, 1469.63,   31.298, 1025.601
 188.40,   30.438,   5.138,  186.79, 1469.66,   31.301, 1025.604
 188.50,   30.445,   5.141,  186.88, 1469.68,   31.306, 1025.609
 188.60,   30.448,   5.144,  186.98, 1469.69,   31.306, 1025.609
 188.80,   30.453,   5.149,  187.18, 1469.72,   31.307, 1025.610
 189.00,   30.457,   5.155,  187.38, 1469.74,   31.306, 1025.610
 189.10,   30.462,   5.161,  187.48, 1469.77,   31.306, 1025.609
 189.30,   30.470,   5.166,  187.68, 1469.80,   31.310, 1025.613
 189.40,   30.478,   5.161,  187.78, 1469.80,   31.324, 1025.625
 189.70,   30.479,   5.145,  188.07, 1469.76,   31.340, 1025.641
 189.80,   30.476,   5.122,  188.17, 1469.69,   31.358, 1025.658
 189.90,   30.467,   5.105,  188.27, 1469.63,   31.364, 1025.665
 190.10,   30.458,   5.095,  188.47, 1469.59,   31.363, 1025.666
 190.30,   30.451,   5.088,  188.67, 1469.56,   31.361, 1025.667
 190.40,   30.447,   5.082,  188.77, 1469.54,   31.362, 1025.669
 190.60,   30.444,   5.078,  188.97, 1469.53,   31.363, 1025.670
 190.80,   30.441,   5.074,  189.16, 1469.51,   31.363, 1025.672
 190.90,   30.439,   5.072,  189.26, 1469.51,   31.363, 1025.672
 191.10,   30.438,   5.070,  189.46, 1469.50,   31.363, 1025.674
 191.30,   30.438,   5.069,  189.66, 1469.50,   31.364, 1025.676
 191.40,   30.437,   5.069,  189.76, 1469.50,   31.363, 1025.675
 191.60,   30.436,   5.069,  189.96, 1469.50,   31.362, 1025.675
 191.70,   30.436,   5.069,  190.06, 1469.51,   31.362, 1025.676
 191.90,   30.436,   5.069,  190.25, 1469.51,   31.361, 1025.676
 192.10,   30.437,   5.069,  190.45, 1469.51,   31.362, 1025.678
 192.20,   30.438,   5.069,  190.55, 1469.52,   31.364, 1025.680
 192.30,   30.438,   5.069,  190.65, 1469.52,   31.364, 1025.680
 192.50,   30.438,   5.069,  190.85, 1469.52,   31.363, 1025.681
 192.70,   30.438,   5.069,  191.05, 1469.52,   31.363, 1025.682
 192.80,   30.438,   5.068,  191.15, 1469.52,   31.364, 1025.683
 193.00,   30.438,   5.068,  191.34, 1469.53,   31.364, 1025.684
 193.20,   30.438,   5.068,  191.54, 1469.53,   31.364, 1025.685
 193.30,   30.438,   5.068,  191.64, 1469.53,   31.364, 1025.685
 193.50,   30.438,   5.068,  191.84, 1469.53,   31.364, 1025.686
 193.70,   30.437,   5.068,  192.04, 1469.54,   31.363, 1025.686
 193.70,   30.437,   5.067,  192.04, 1469.53,   31.364, 1025.687
 194.00,   30.437,   5.066,  192.33, 1469.53,   31.364, 1025.689
 194.10,   30.436,   5.065,  192.43, 1469.53,   31.364, 1025.689
 194.30,   30.436,   5.065,  192.63, 1469.53,   31.364, 1025.690
 194.40,   30.435,   5.064,  192.73, 1469.53,   31.364, 1025.690
 194.60,   30.435,   5.064,  192.93, 1469.54,   31.364, 1025.691
 194.70,   30.435,   5.065,  193.03, 1469.54,   31.363, 1025.691
 194.90,   30.436,   5.064,  193.23, 1469.54,   31.365, 1025.694
 195.00,   30.435,   5.063,  193.33, 1469.54,   31.364, 1025.694
 195.30,   30.435,   5.062,  193.62, 1469.54,   31.365, 1025.696
 195.40,   30.433,   5.060,  193.72, 1469.53,   31.365, 1025.696
 195.50,   30.432,   5.056,  193.82, 1469.52,   31.367, 1025.699
 195.70,   30.432,   5.055,  194.02, 1469.52,   31.368, 1025.701
 195.90,   30.430,   5.053,  194.22, 1469.52,   31.368, 1025.702
 196.00,   30.428,   5.049,  194.32, 1469.50,   31.369, 1025.704
 196.20,   30.423,   5.046,  194.51, 1469.49,   31.366, 1025.703
 196.30,   30.418,   5.037,  194.61, 1469.46,   31.369, 1025.706
 196.50,   30.413,   5.026,  194.81, 1469.42,   31.373, 1025.712
 196.70,   30.412,   5.023,  195.01, 1469.42,   31.375, 1025.715
 196.80,   30.412,   5.025,  195.11, 1469.42,   31.373, 1025.713
 197.00,   30.414,   5.029,  195.31, 1469.44,   31.371, 1025.713
 197.20,   30.419,   5.028,  195.51, 1469.45,   31.378, 1025.719
 197.30,   30.423,   5.029,  195.60, 1469.46,   31.382, 1025.722
 197.50,   30.429,   5.034,  195.80, 1469.48,   31.384, 1025.724
 197.70,   30.437,   5.046,  196.00, 1469.53,   31.381, 1025.722
 197.80,   30.446,   5.059,  196.10, 1469.59,   31.379, 1025.719
 197.90,   30.456,   5.066,  196.20, 1469.62,   31.384, 1025.723
 198.20,   30.463,   5.069,  196.50, 1469.65,   31.389, 1025.728
 198.30,   30.472,   5.077,  196.60, 1469.68,   31.392, 1025.729
 198.50,   30.482,   5.092,  196.79, 1469.75,   31.389, 1025.726
 198.60,   30.488,   5.105,  196.89, 1469.79,   31.384, 1025.721
 198.80,   30.498,   5.116,  197.09, 1469.84,   31.385, 1025.721
 198.90,   30.512,   5.128,  197.19, 1469.90,   31.389, 1025.724
 199.10,   30.524,   5.138,  197.39, 1469.95,   31.393, 1025.727
 199.20,   30.536,   5.146,  197.49, 1469.99,   31.400, 1025.732
 199.40,   30.543,   5.151,  197.69, 1470.02,   31.403, 1025.735
 199.60,   30.548,   5.150,  197.88, 1470.03,   31.409, 1025.741
 199.70,   30.548,   5.145,  197.98, 1470.01,   31.414, 1025.745
 199.90,   30.548,   5.141,  198.18, 1470.01,   31.418, 1025.750
 200.00,   30.545,   5.139,  198.28, 1470.00,   31.416, 1025.749
 200.20,   30.542,   5.137,  198.48, 1469.99,   31.414, 1025.749
 200.40,   30.543,   5.141,  198.68, 1470.01,   31.412, 1025.747
 200.40,   30.553,   5.155,  198.68, 1470.06,   31.410, 1025.744
 200.70,   30.562,   5.173,  198.97, 1470.13,   31.403, 1025.738
 200.80,   30.571,   5.185,  199.07, 1470.18,   31.402, 1025.737
 201.00,   30.582,   5.192,  199.27, 1470.22,   31.408, 1025.741
 201.10,   30.595,   5.195,  199.37, 1470.25,   31.420, 1025.751
 201.40,   30.601,   5.197,  199.67, 1470.27,   31.424, 1025.756
 201.50,   30.604,   5.199,  199.77, 1470.28,   31.426, 1025.757
 201.60,   30.608,   5.203,  199.87, 1470.30,   31.427, 1025.758
 201.80,   30.616,   5.210,  200.06, 1470.33,   31.429, 1025.760
 201.90,   30.624,   5.216,  200.16, 1470.36,   31.433, 1025.762
 202.10,   30.630,   5.221,  200.36, 1470.39,   31.435, 1025.764
 202.30,   30.633,   5.224,  200.56, 1470.41,   31.435, 1025.765
 202.40,   30.635,   5.226,  200.66, 1470.42,   31.435, 1025.766
 202.60,   30.638,   5.229,  200.86, 1470.43,   31.436, 1025.767
 202.80,   30.645,   5.234,  201.06, 1470.46,   31.439, 1025.770
 202.90,   30.651,   5.238,  201.15, 1470.48,   31.442, 1025.772
 203.10,   30.654,   5.240,  201.35, 1470.50,   31.444, 1025.774
 203.20,   30.657,   5.240,  201.45, 1470.50,   31.447, 1025.777
 203.40,   30.660,   5.238,  201.65, 1470.50,   31.452, 1025.782
 203.60,   30.663,   5.237,  201.85, 1470.51,   31.456, 1025.787
 203.70,   30.664,   5.234,  201.95, 1470.50,   31.460, 1025.790
 203.90,   30.665,   5.230,  202.15, 1470.50,   31.465, 1025.796
 204.00,   30.665,   5.227,  202.24, 1470.49,   31.468, 1025.799
 204.20,   30.662,   5.226,  202.44, 1470.48,   31.465, 1025.798
 204.40,   30.660,   5.228,  202.64, 1470.49,   31.461, 1025.795
 204.60,   30.665,   5.233,  202.84, 1470.52,   31.462, 1025.796
 204.70,   30.675,   5.242,  202.94, 1470.56,   31.465, 1025.798
 204.90,   30.684,   5.250,  203.14, 1470.60,   31.467, 1025.800
 205.00,   30.696,   5.257,  203.24, 1470.64,   31.474, 1025.805
 205.10,   30.706,   5.263,  203.33, 1470.67,   31.480, 1025.809
 205.40,   30.711,   5.269,  203.63, 1470.70,   31.480, 1025.810
 205.50,   30.717,   5.275,  203.73, 1470.73,   31.481, 1025.810
 205.70,   30.724,   5.282,  203.93, 1470.76,   31.482, 1025.812
 205.80,   30.731,   5.287,  204.03, 1470.79,   31.485, 1025.814
 206.00,   30.735,   5.291,  204.23, 1470.81,   31.486, 1025.815
 206.10,   30.738,   5.293,  204.33, 1470.82,   31.488, 1025.816
 206.30,   30.744,   5.294,  204.52, 1470.83,   31.493, 1025.822
 206.40,   30.747,   5.294,  204.62, 1470.84,   31.497, 1025.825
 206.60,   30.748,   5.294,  204.82, 1470.84,   31.498, 1025.827
 206.80,   30.748,   5.293,  205.02, 1470.84,   31.499, 1025.828
 206.90,   30.749,   5.292,  205.12, 1470.84,   31.501, 1025.830
 207.10,   30.748,   5.291,  205.32, 1470.84,   31.500, 1025.831
 207.20,   30.750,   5.292,  205.42, 1470.85,   31.502, 1025.833
 207.40,   30.751,   5.293,  205.61, 1470.86,   31.502, 1025.834
 207.60,   30.754,   5.293,  205.81, 1470.86,   31.505, 1025.837
 207.70,   30.757,   5.291,  205.91, 1470.86,   31.510, 1025.842
 207.90,   30.756,   5.287,  206.11, 1470.85,   31.513, 1025.845
 208.10,   30.753,   5.284,  206.31, 1470.84,   31.512, 1025.846
 208.20,   30.752,   5.282,  206.41, 1470.84,   31.513, 1025.847
 208.40,   30.754,   5.283,  206.60, 1470.85,   31.514, 1025.849
 208.50,   30.757,   5.289,  206.70, 1470.87,   31.512, 1025.847
 208.70,   30.759,   5.297,  206.90, 1470.90,   31.506, 1025.843
 208.80,   30.764,   5.303,  207.00, 1470.93,   31.506, 1025.843
 209.00,   30.770,   5.309,  207.20, 1470.96,   31.507, 1025.844
 209.20,   30.776,   5.314,  207.40, 1470.98,   31.509, 1025.846
 209.30,   30.785,   5.319,  207.50, 1471.01,   31.515, 1025.850
 209.50,   30.792,   5.323,  207.69, 1471.04,   31.519, 1025.853
 209.60,   30.797,   5.318,  207.79, 1471.03,   31.529, 1025.863
 209.80,   30.795,   5.306,  207.99, 1471.00,   31.538, 1025.872
 210.00,   30.791,   5.299,  208.19, 1470.97,   31.540, 1025.875
 210.10,   30.787,   5.298,  208.29, 1470.97,   31.537, 1025.873
 210.30,   30.787,   5.304,  208.49, 1470.99,   31.531, 1025.869
 210.50,   30.793,   5.314,  208.68, 1471.03,   31.528, 1025.866
 210.60,   30.798,   5.323,  208.78, 1471.06,   31.525, 1025.863
 210.80,   30.808,   5.332,  208.98, 1471.10,   31.528, 1025.866
 210.90,   30.824,   5.351,  209.08, 1471.18,   31.528, 1025.864
 211.10,   30.842,   5.380,  209.28, 1471.30,   31.521, 1025.856
 211.10,   30.862,   5.413,  209.28, 1471.42,   31.513, 1025.846
 211.40,   30.890,   5.441,  209.58, 1471.55,   31.518, 1025.848
 211.60,   30.915,   5.456,  209.77, 1471.63,   31.532, 1025.858
 211.70,   30.932,   5.460,  209.87, 1471.67,   31.548, 1025.870
 211.80,   30.941,   5.461,  209.97, 1471.68,   31.557, 1025.878
 212.00,   30.948,   5.465,  210.17, 1471.71,   31.561, 1025.881
 212.20,   30.958,   5.472,  210.37, 1471.74,   31.566, 1025.885
 212.30,   30.964,   5.480,  210.47, 1471.78,   31.565, 1025.884
 212.60,   30.971,   5.487,  210.77, 1471.81,   31.566, 1025.886
 212.60,   30.976,   5.494,  210.77, 1471.84,   31.565, 1025.884
 212.80,   30.985,   5.501,  210.96, 1471.88,   31.569, 1025.887
 212.90,   30.993,   5.505,  211.06, 1471.90,   31.574, 1025.891
 213.10,   30.998,   5.506,  211.26, 1471.91,   31.578, 1025.895
 213.30,   31.002,   5.504,  211.46, 1471.92,   31.585, 1025.902
 213.40,   31.004,   5.501,  211.56, 1471.91,   31.590, 1025.906
 213.60,   31.008,   5.499,  211.76, 1471.92,   31.596, 1025.912
 213.80,   31.009,   5.497,  211.95, 1471.91,   31.599, 1025.916
 213.90,   31.008,   5.494,  212.05, 1471.91,   31.600, 1025.918
 214.10,   31.007,   5.492,  212.25, 1471.90,   31.601, 1025.920
 214.20,   31.006,   5.488,  212.35, 1471.89,   31.604, 1025.923
 214.40,   31.001,   5.485,  212.55, 1471.88,   31.601, 1025.922
 214.50,   30.997,   5.481,  212.65, 1471.86,   31.600, 1025.922
 214.70,   31.000,   5.479,  212.85, 1471.86,   31.605, 1025.927
 214.90,   30.999,   5.476,  213.04, 1471.86,   31.607, 1025.930
 215.00,   31.001,   5.475,  213.14, 1471.86,   31.610, 1025.933
 215.20,   31.002,   5.474,  213.34, 1471.86,   31.612, 1025.935
 215.30,   31.002,   5.473,  213.44, 1471.86,   31.613, 1025.937
 215.50,   31.002,   5.473,  213.64, 1471.86,   31.613, 1025.938
 215.60,   31.003,   5.474,  213.74, 1471.87,   31.613, 1025.938
 215.70,   31.008,   5.474,  213.84, 1471.88,   31.618, 1025.943
 216.00,   31.010,   5.475,  214.13, 1471.89,   31.620, 1025.945
 216.10,   31.010,   5.476,  214.23, 1471.89,   31.619, 1025.945
 216.30,   31.011,   5.477,  214.43, 1471.90,   31.619, 1025.945
 216.40,   31.013,   5.478,  214.53, 1471.91,   31.620, 1025.947
 216.60,   31.016,   5.478,  214.73, 1471.91,   31.623, 1025.950
 216.70,   31.015,   5.479,  214.83, 1471.92,   31.621, 1025.949
 216.90,   31.018,   5.480,  215.03, 1471.93,   31.623, 1025.952
 217.10,   31.020,   5.481,  215.22, 1471.94,   31.625, 1025.953
 217.20,   31.021,   5.482,  215.32, 1471.94,   31.625, 1025.954
 217.30,   31.021,   5.482,  215.42, 1471.94,   31.625, 1025.954
 217.50,   31.021,   5.482,  215.62, 1471.95,   31.625, 1025.955
 217.60,   31.022,   5.482,  215.72, 1471.95,   31.626, 1025.957
 217.90,   31.025,   5.481,  216.02, 1471.96,   31.630, 1025.961
 218.00,   31.027,   5.481,  216.12, 1471.96,   31.632, 1025.964
 218.10,   31.024,   5.480,  216.22, 1471.96,   31.630, 1025.962
 218.30,   31.024,   5.479,  216.41, 1471.96,   31.631, 1025.964
 218.50,   31.025,   5.478,  216.61, 1471.96,   31.633, 1025.966
 218.60,   31.026,   5.478,  216.71, 1471.96,   31.634, 1025.968
 218.80,   31.026,   5.477,  216.91, 1471.96,   31.634, 1025.969
 218.90,   31.026,   5.477,  217.01, 1471.96,   31.634, 1025.970
 219.00,   31.027,   5.476,  217.11, 1471.96,   31.636, 1025.972
 219.20,   31.026,   5.475,  217.31, 1471.96,   31.636, 1025.973
 219.40,   31.030,   5.475,  217.50, 1471.97,   31.641, 1025.977
 219.50,   31.033,   5.474,  217.60, 1471.97,   31.645, 1025.981
 219.70,   31.033,   5.473,  217.80, 1471.97,   31.646, 1025.983
 219.90,   31.034,   5.472,  218.00, 1471.98,   31.648, 1025.986
 220.00,   31.034,   5.471,  218.10, 1471.97,   31.649, 1025.987
 220.20,   31.034,   5.471,  218.30, 1471.98,   31.648, 1025.988
 220.30,   31.033,   5.470,  218.40, 1471.97,   31.648, 1025.988
 220.40,   31.035,   5.470,  218.49, 1471.98,   31.650, 1025.990
 220.70,   31.034,   5.470,  218.79, 1471.98,   31.649, 1025.991
 220.80,   31.033,   5.470,  218.89, 1471.98,   31.648, 1025.990
 220.90,   31.034,   5.470,  218.99, 1471.99,   31.649, 1025.992
 221.10,   31.036,   5.470,  219.19, 1471.99,   31.651, 1025.994
 221.20,   31.038,   5.470,  219.29, 1472.00,   31.653, 1025.996
 221.40,   31.039,   5.470,  219.49, 1472.00,   31.654, 1025.998
 221.60,   31.039,   5.470,  219.68, 1472.00,   31.654, 1025.999
 221.70,   31.037,   5.470,  219.78, 1472.00,   31.652, 1025.998
 221.80,   31.034,   5.470,  219.88, 1472.00,   31.649, 1025.995
 222.00,   31.035,   5.470,  220.08, 1472.00,   31.650, 1025.997
 222.20,   31.037,   5.471,  220.28, 1472.01,   31.651, 1025.999
 222.30,   31.039,   5.471,  220.38, 1472.02,   31.653, 1026.001
 222.50,   31.040,   5.471,  220.58, 1472.02,   31.654, 1026.003
 222.70,   31.041,   5.472,  220.77, 1472.03,   31.654, 1026.004
 222.80,   31.042,   5.472,  220.87, 1472.03,   31.655, 1026.005
 223.00,   31.045,   5.472,  221.07, 1472.04,   31.659, 1026.009
 223.10,   31.046,   5.472,  221.17, 1472.04,   31.660, 1026.010
 223.30,   31.046,   5.472,  221.37, 1472.05,   31.660, 1026.011
 223.40,   31.046,   5.473,  221.47, 1472.05,   31.659, 1026.010
 223.60,   31.048,   5.473,  221.66, 1472.06,   31.661, 1026.013
 223.80,   31.048,   5.474,  221.86, 1472.06,   31.660, 1026.013
 223.90,   31.047,   5.474,  221.96, 1472.06,   31.659, 1026.012
 224.00,   31.048,   5.474,  222.06, 1472.07,   31.660, 1026.014
 224.20,   31.051,   5.475,  222.26, 1472.08,   31.662, 1026.016
 224.30,   31.053,   5.475,  222.36, 1472.08,   31.664, 1026.019
 224.50,   31.055,   5.476,  222.56, 1472.09,   31.665, 1026.020
 224.60,   31.054,   5.477,  222.66, 1472.09,   31.663, 1026.019
 224.80,   31.055,   5.477,  222.85, 1472.10,   31.664, 1026.021
 224.90,   31.054,   5.478,  222.95, 1472.10,   31.662, 1026.019
 225.10,   31.053,   5.478,  223.15, 1472.10,   31.661, 1026.019
 225.20,   31.056,   5.479,  223.25, 1472.11,   31.663, 1026.022
 225.50,   31.059,   5.480,  223.55, 1472.12,   31.666, 1026.025
 225.60,   31.059,   5.482,  223.65, 1472.13,   31.664, 1026.023
 225.70,   31.060,   5.483,  223.75, 1472.14,   31.664, 1026.024
 225.90,   31.064,   5.486,  223.94, 1472.15,   31.665, 1026.026
 226.00,   31.067,   5.489,  224.04, 1472.17,   31.666, 1026.026
 226.10,   31.072,   5.493,  224.14, 1472.19,   31.668, 1026.028
 226.40,   31.079,   5.497,  224.44, 1472.21,   31.672, 1026.032
 226.50,   31.083,   5.502,  224.54, 1472.24,   31.672, 1026.031
 226.60,   31.087,   5.507,  224.64, 1472.26,   31.671, 1026.031
 226.80,   31.091,   5.512,  224.84, 1472.28,   31.671, 1026.031
 227.00,   31.098,   5.516,  225.03, 1472.30,   31.675, 1026.035
 227.10,   31.104,   5.518,  225.13, 1472.32,   31.680, 1026.039
 227.20,   31.108,   5.521,  225.23, 1472.34,   31.682, 1026.040
 227.50,   31.111,   5.524,  225.53, 1472.35,   31.682, 1026.042
 227.50,   31.115,   5.527,  225.53, 1472.37,   31.684, 1026.043
 227.70,   31.119,   5.529,  225.73, 1472.38,   31.686, 1026.045
 227.90,   31.121,   5.530,  225.93, 1472.39,   31.687, 1026.047
 227.90,   31.121,   5.531,  225.93, 1472.39,   31.686, 1026.046
 228.20,   31.123,   5.532,  226.22, 1472.41,   31.688, 1026.048
 228.40,   31.125,   5.534,  226.42, 1472.42,   31.688, 1026.049
 228.50,   31.126,   5.536,  226.52, 1472.43,   31.687, 1026.049
 228.60,   31.126,   5.537,  226.62, 1472.43,   31.686, 1026.048
 228.80,   31.127,   5.539,  226.82, 1472.44,   31.685, 1026.048
 228.90,   31.132,   5.542,  226.92, 1472.46,   31.688, 1026.051
 229.10,   31.137,   5.547,  227.11, 1472.48,   31.689, 1026.052
 229.30,   31.141,   5.551,  227.31, 1472.50,   31.690, 1026.053
 229.40,   31.143,   5.555,  227.41, 1472.52,   31.688, 1026.051
 229.50,   31.145,   5.558,  227.51, 1472.53,   31.687, 1026.051
 229.70,   31.151,   5.561,  227.71, 1472.55,   31.691, 1026.055
 229.80,   31.158,   5.564,  227.81, 1472.57,   31.696, 1026.059
 230.10,   31.162,   5.567,  228.11, 1472.59,   31.698, 1026.061
 230.20,   31.162,   5.571,  228.20, 1472.60,   31.694, 1026.058
 230.30,   31.166,   5.574,  228.30, 1472.62,   31.696, 1026.059
 230.50,   31.170,   5.576,  228.50, 1472.63,   31.698, 1026.062
 230.50,   31.175,   5.578,  228.50, 1472.65,   31.702, 1026.065
 230.80,   31.177,   5.579,  228.80, 1472.66,   31.703, 1026.067
 230.90,   31.174,   5.581,  228.90, 1472.66,   31.698, 1026.063
 231.00,   31.175,   5.582,  229.00, 1472.67,   31.698, 1026.063
 231.20,   31.180,   5.583,  229.19, 1472.68,   31.702, 1026.068
 231.30,   31.184,   5.584,  229.29, 1472.69,   31.706, 1026.071
 231.50,   31.184,   5.585,  229.49, 1472.70,   31.705, 1026.071
 231.70,   31.183,   5.586,  229.69, 1472.70,   31.703, 1026.070
 231.80,   31.184,   5.586,  229.79, 1472.70,   31.704, 1026.071
 232.00,   31.186,   5.587,  229.99, 1472.71,   31.705, 1026.073
 232.10,   31.190,   5.588,  230.09, 1472.72,   31.709, 1026.076
 232.30,   31.192,   5.589,  230.28, 1472.73,   31.710, 1026.078
 232.40,   31.190,   5.590,  230.38, 1472.73,   31.707, 1026.076
 232.50,   31.191,   5.592,  230.48, 1472.74,   31.706, 1026.075
 232.70,   31.194,   5.593,  230.68, 1472.75,   31.708, 1026.078
 232.90,   31.197,   5.595,  230.88, 1472.76,   31.709, 1026.080
 233.00,   31.202,   5.597,  230.98, 1472.78,   31.713, 1026.083
 233.10,   31.205,   5.599,  231.08, 1472.79,   31.715, 1026.084
 233.40,   31.208,   5.603,  231.37, 1472.81,   31.714, 1026.085
 233.50,   31.213,   5.607,  231.47, 1472.83,   31.716, 1026.086
 233.70,   31.220,   5.611,  231.67, 1472.86,   31.720, 1026.090
 233.80,   31.225,   5.614,  231.77, 1472.87,   31.723, 1026.092
 234.00,   31.227,   5.617,  231.97, 1472.89,   31.722, 1026.092
 234.10,   31.230,   5.619,  232.07, 1472.90,   31.723, 1026.093
 234.30,   31.234,   5.620,  232.27, 1472.91,   31.727, 1026.097
 234.40,   31.236,   5.622,  232.37, 1472.92,   31.727, 1026.097
 234.60,   31.238,   5.624,  232.56, 1472.93,   31.728, 1026.098
 234.70,   31.237,   5.625,  232.66, 1472.94,   31.725, 1026.097
 234.90,   31.240,   5.627,  232.86, 1472.95,   31.727, 1026.099
 235.00,   31.243,   5.629,  232.96, 1472.96,   31.728, 1026.100
 235.20,   31.247,   5.631,  233.16, 1472.98,   31.731, 1026.103
 235.30,   31.251,   5.634,  233.26, 1472.99,   31.732, 1026.104
 235.40,   31.255,   5.637,  233.36, 1473.01,   31.734, 1026.106
 235.70,   31.259,   5.640,  233.65, 1473.03,   31.736, 1026.108
 235.80,   31.262,   5.643,  233.75, 1473.04,   31.736, 1026.108
 236.00,   31.266,   5.645,  233.95, 1473.05,   31.739, 1026.111
 236.10,   31.269,   5.647,  234.05, 1473.07,   31.740, 1026.112
 236.20,   31.269,   5.650,  234.15, 1473.08,   31.737, 1026.110
 236.40,   31.270,   5.652,  234.35, 1473.09,   31.736, 1026.110
 236.50,   31.275,   5.656,  234.45, 1473.11,   31.738, 1026.112
 236.70,   31.281,   5.659,  234.64, 1473.13,   31.742, 1026.115
 236.80,   31.286,   5.663,  234.74, 1473.15,   31.744, 1026.117
 237.10,   31.289,   5.666,  235.04, 1473.16,   31.744, 1026.118
 237.20,   31.292,   5.670,  235.14, 1473.18,   31.744, 1026.118
 237.20,   31.295,   5.674,  235.14, 1473.20,   31.743, 1026.117
 237.50,   31.302,   5.680,  235.44, 1473.23,   31.745, 1026.119
 237.60,   31.312,   5.687,  235.54, 1473.27,   31.750, 1026.122
 237.70,   31.320,   5.694,  235.63, 1473.30,   31.752, 1026.124
 237.90,   31.325,   5.699,  235.83, 1473.32,   31.753, 1026.125
 238.10,   31.329,   5.702,  236.03, 1473.34,   31.755, 1026.126
 238.20,   31.338,   5.704,  236.13, 1473.36,   31.763, 1026.133
 238.30,   31.343,   5.705,  236.23, 1473.37,   31.768, 1026.137
 238.50,   31.347,   5.705,  236.43, 1473.38,   31.772, 1026.142
 238.70,   31.347,   5.705,  236.63, 1473.38,   31.772, 1026.142
 238.80,   31.347,   5.705,  236.72, 1473.39,   31.772, 1026.143
 239.00,   31.350,   5.705,  236.92, 1473.39,   31.775, 1026.146
 239.10,   31.352,   5.705,  237.02, 1473.40,   31.777, 1026.148
 239.30,   31.352,   5.705,  237.22, 1473.40,   31.777, 1026.149
 239.50,   31.349,   5.705,  237.42, 1473.40,   31.774, 1026.148
 239.60,   31.350,   5.705,  237.52, 1473.40,   31.775, 1026.149
 239.80,   31.354,   5.705,  237.72, 1473.41,   31.779, 1026.153
 239.80,   31.357,   5.706,  237.72, 1473.42,   31.782, 1026.155
 240.00,   31.357,   5.707,  237.91, 1473.42,   31.781, 1026.155
 240.20,   31.356,   5.708,  238.11, 1473.43,   31.778, 1026.154
 240.40,   31.358,   5.709,  238.31, 1473.44,   31.780, 1026.156
 240.50,   31.360,   5.710,  238.41, 1473.44,   31.781, 1026.157
 240.70,   31.361,   5.710,  238.61, 1473.45,   31.782, 1026.159
 240.80,   31.361,   5.709,  238.71, 1473.45,   31.783, 1026.160
 241.00,   31.361,   5.709,  238.90, 1473.45,   31.783, 1026.161
 241.10,   31.363,   5.707,  239.00, 1473.45,   31.787, 1026.165
 241.30,   31.365,   5.706,  239.20, 1473.45,   31.790, 1026.168
 241.40,   31.364,   5.705,  239.30, 1473.45,   31.790, 1026.169
 241.50,   31.363,   5.704,  239.40, 1473.45,   31.789, 1026.169
 241.70,   31.363,   5.703,  239.60, 1473.45,   31.790, 1026.171
 241.90,   31.362,   5.702,  239.80, 1473.45,   31.790, 1026.172
 242.10,   31.362,   5.702,  239.99, 1473.45,   31.790, 1026.173
 242.10,   31.364,   5.701,  239.99, 1473.45,   31.793, 1026.175
 242.40,   31.362,   5.700,  240.29, 1473.45,   31.792, 1026.176
 242.50,   31.362,   5.700,  240.39, 1473.45,   31.792, 1026.176
 242.70,   31.364,   5.700,  240.59, 1473.46,   31.794, 1026.179
 242.80,   31.365,   5.700,  240.69, 1473.46,   31.795, 1026.180
 242.90,   31.366,   5.699,  240.79, 1473.46,   31.797, 1026.182
 243.10,   31.362,   5.699,  240.98, 1473.46,   31.792, 1026.179
 243.30,   31.361,   5.699,  241.18, 1473.46,   31.791, 1026.179
 243.40,   31.363,   5.699,  241.28, 1473.46,   31.793, 1026.182
 243.50,   31.365,   5.698,  241.38, 1473.46,   31.796, 1026.185
 243.70,   31.363,   5.697,  241.58, 1473.46,   31.795, 1026.185
 243.90,   31.362,   5.696,  241.78, 1473.46,   31.795, 1026.185
 244.00,   31.363,   5.695,  241.88, 1473.46,   31.797, 1026.188
 244.20,   31.364,   5.695,  242.07, 1473.47,   31.798, 1026.189
 244.30,   31.365,   5.694,  242.17, 1473.47,   31.800, 1026.192
 244.50,   31.365,   5.693,  242.37, 1473.47,   31.801, 1026.193
 244.60,   31.364,   5.693,  242.47, 1473.47,   31.799, 1026.193
 244.80,   31.363,   5.691,  242.67, 1473.46,   31.800, 1026.194
 244.90,   31.362,   5.690,  242.77, 1473.46,   31.800, 1026.195
 245.10,   31.361,   5.688,  242.97, 1473.46,   31.801, 1026.197
 245.20,   31.361,   5.686,  243.07, 1473.45,   31.802, 1026.199
 245.40,   31.360,   5.684,  243.26, 1473.45,   31.803, 1026.200
 245.60,   31.359,   5.682,  243.46, 1473.44,   31.804, 1026.202
 245.70,   31.358,   5.681,  243.56, 1473.44,   31.803, 1026.203
 245.80,   31.356,   5.679,  243.66, 1473.43,   31.803, 1026.203
 246.00,   31.354,   5.678,  243.86, 1473.43,   31.802, 1026.203
 246.20,   31.355,   5.677,  244.06, 1473.43,   31.804, 1026.205
 246.30,   31.352,   5.676,  244.16, 1473.43,   31.801, 1026.204
 246.50,   31.349,   5.675,  244.35, 1473.42,   31.799, 1026.203
 246.60,   31.350,   5.675,  244.45, 1473.43,   31.800, 1026.204
 246.70,   31.350,   5.674,  244.55, 1473.43,   31.801, 1026.206
 246.90,   31.350,   5.673,  244.75, 1473.43,   31.801, 1026.207
 247.10,   31.349,   5.673,  244.95, 1473.43,   31.800, 1026.207
 247.20,   31.350,   5.672,  245.05, 1473.43,   31.802, 1026.210
 247.30,   31.351,   5.672,  245.15, 1473.43,   31.803, 1026.211
 247.50,   31.351,   5.672,  245.34, 1473.43,   31.803, 1026.212
 247.70,   31.350,   5.671,  245.54, 1473.43,   31.803, 1026.213
 247.80,   31.349,   5.671,  245.64, 1473.43,   31.802, 1026.212
 248.00,   31.348,   5.670,  245.84, 1473.43,   31.801, 1026.213
 248.10,   31.348,   5.670,  245.94, 1473.43,   31.801, 1026.213
 248.30,   31.348,   5.670,  246.14, 1473.44,   31.801, 1026.214
 248.50,   31.348,   5.669,  246.33, 1473.44,   31.802, 1026.216
 248.50,   31.347,   5.669,  246.33, 1473.44,   31.801, 1026.215
 248.70,   31.346,   5.669,  246.53, 1473.44,   31.800, 1026.215
 248.80,   31.347,   5.669,  246.63, 1473.44,   31.801, 1026.216
 249.10,   31.348,   5.669,  246.93, 1473.45,   31.802, 1026.218
 249.10,   31.349,   5.668,  246.93, 1473.45,   31.804, 1026.220
 249.30,   31.347,   5.668,  247.13, 1473.45,   31.802, 1026.219
 249.40,   31.347,   5.669,  247.23, 1473.45,   31.801, 1026.219
 249.60,   31.348,   5.669,  247.42, 1473.45,   31.802, 1026.221
 249.80,   31.347,   5.669,  247.62, 1473.46,   31.800, 1026.221
 249.90,   31.348,   5.670,  247.72, 1473.46,   31.801, 1026.221
 250.10,   31.350,   5.670,  247.92, 1473.47,   31.803, 1026.224
 250.20,   31.350,   5.671,  248.02, 1473.47,   31.802, 1026.223
 250.40,   31.351,   5.672,  248.22, 1473.48,   31.802, 1026.224
 250.50,   31.351,   5.673,  248.32, 1473.48,   31.801, 1026.224
 250.70,   31.352,   5.674,  248.51, 1473.49,   31.801, 1026.224
 250.80,   31.353,   5.674,  248.61, 1473.49,   31.802, 1026.226
 251.00,   31.355,   5.674,  248.81, 1473.50,   31.804, 1026.228
 251.10,   31.355,   5.673,  248.91, 1473.50,   31.805, 1026.230
 251.20,   31.353,   5.672,  249.01, 1473.50,   31.804, 1026.229
 251.50,   31.352,   5.671,  249.31, 1473.50,   31.803, 1026.230
 251.50,   31.352,   5.670,  249.31, 1473.49,   31.804, 1026.231
 251.70,   31.352,   5.669,  249.50, 1473.49,   31.805, 1026.233
 251.90,   31.351,   5.669,  249.70, 1473.50,   31.804, 1026.233
 252.00,   31.351,   5.668,  249.80, 1473.49,   31.805, 1026.234
 252.20,   31.350,   5.668,  250.00, 1473.50,   31.804, 1026.234
 252.20,   31.351,   5.668,  250.00, 1473.50,   31.805, 1026.235
 252.50,   31.352,   5.667,  250.30, 1473.50,   31.807, 1026.238
 252.60,   31.353,   5.667,  250.40, 1473.50,   31.808, 1026.239
 252.70,   31.352,   5.667,  250.50, 1473.50,   31.807, 1026.239
 253.00,   31.350,   5.667,  250.79, 1473.51,   31.804, 1026.238
 253.00,   31.351,   5.667,  250.79, 1473.51,   31.805, 1026.239
 253.20,   31.352,   5.667,  250.99, 1473.51,   31.806, 1026.241
 253.40,   31.353,   5.667,  251.19, 1473.52,   31.807, 1026.243
 253.40,   31.352,   5.667,  251.19, 1473.51,   31.806, 1026.242
 253.60,   31.353,   5.667,  251.39, 1473.52,   31.807, 1026.244
 253.90,   31.352,   5.667,  251.68, 1473.52,   31.806, 1026.244
 253.90,   31.352,   5.667,  251.68, 1473.52,   31.806, 1026.244
 254.10,   31.352,   5.667,  251.88, 1473.53,   31.806, 1026.245
 254.20,   31.353,   5.667,  251.98, 1473.53,   31.807, 1026.246
 254.40,   31.354,   5.667,  252.18, 1473.53,   31.808, 1026.248
 254.60,   31.354,   5.668,  252.38, 1473.54,   31.807, 1026.248
 254.80,   31.354,   5.669,  252.58, 1473.55,   31.806, 1026.248
 254.80,   31.354,   5.670,  252.58, 1473.55,   31.805, 1026.247
 255.10,   31.356,   5.670,  252.87, 1473.56,   31.807, 1026.250
 255.20,   31.358,   5.671,  252.97, 1473.56,   31.808, 1026.251
 255.40,   31.358,   5.671,  253.17, 1473.57,   31.808, 1026.252
 255.60,   31.359,   5.671,  253.37, 1473.57,   31.809, 1026.254
 255.80,   31.359,   5.671,  253.57, 1473.57,   31.809, 1026.255
 256.00,   31.360,   5.670,  253.76, 1473.58,   31.811, 1026.257
 256.30,   31.358,   5.670,  254.06, 1473.58,   31.809, 1026.257
 256.50,   31.358,   5.668,  254.26, 1473.57,   31.811, 1026.260
 256.80,   31.358,   5.667,  254.56, 1473.58,   31.811, 1026.262
 256.90,   31.358,   5.667,  254.66, 1473.58,   31.811, 1026.262
 257.10,   31.357,   5.666,  254.85, 1473.58,   31.811, 1026.263
 257.30,   31.359,   5.666,  255.05, 1473.58,   31.813, 1026.266
 257.50,   31.361,   5.666,  255.25, 1473.59,   31.815, 1026.268
