1  # JWC watercolumn file Version 
1304824440.000000    # time of observation  Sun May 8 2011 03:14:00
1304826550.895000    # time of logging (when inserted into MB logging stream) 
0.000000 0.000000 # lat and long of observation
0.000000 0.000000 # lat and long of ship when inserted
100 # no. of raw observations 
# blank line for future parameter 1 of 10
# blank line for future parameter 2 of 10
# blank line for future parameter 3 of 10
# blank line for future parameter 4 of 10
# blank line for future parameter 5 of 10
# blank line for future parameter 6 of 10
# blank line for future parameter 7 of 10
# blank line for future parameter 8 of 10
# blank line for future parameter 9 of 10
# blank line for future parameter 10 of 10
0 0.000000 1542.600000
1 2.000000 1542.600000
2 3.000000 1542.600000
3 4.000000 1542.400000
4 5.000000 1542.500000
5 6.000000 1542.500000
6 7.000000 1542.500000
7 8.000000 1542.400000
8 9.000000 1542.500000
9 10.000000 1542.400000
10 11.000000 1542.500000
11 12.000000 1542.600000
12 13.000000 1542.600000
13 14.000000 1542.600000
14 15.000000 1542.600000
15 16.000000 1542.600000
16 17.000000 1542.600000
17 18.000000 1542.600000
18 19.000000 1542.600000
19 20.000000 1542.600000
20 21.000000 1542.600000
21 22.000000 1542.700000
22 23.000000 1542.700000
23 24.000000 1542.700000
24 25.000000 1542.700000
25 26.000000 1542.800000
26 27.000000 1542.800000
27 28.000000 1542.800000
28 29.000000 1542.800000
29 30.000000 1542.800000
30 31.000000 1542.800000
31 32.000000 1542.900000
32 33.000000 1542.900000
33 34.000000 1542.900000
34 35.000000 1542.800000
35 36.000000 1542.700000
36 37.000000 1542.600000
37 38.000000 1542.500000
38 39.000000 1542.400000
39 40.000000 1542.400000
40 41.000000 1542.400000
41 42.000000 1542.400000
42 43.000000 1542.400000
43 44.000000 1542.400000
44 45.000000 1542.400000
45 46.000000 1542.400000
46 47.000000 1542.300000
47 48.000000 1542.200000
48 49.000000 1542.100000
49 50.000000 1542.000000
50 51.000000 1542.000000
51 52.000000 1542.000000
52 53.000000 1541.900000
53 54.000000 1542.000000
54 55.000000 1542.000000
55 56.000000 1542.000000
56 57.000000 1542.000000
57 58.000000 1542.000000
58 59.000000 1541.900000
59 60.000000 1541.900000
60 61.000000 1541.900000
61 62.000000 1541.900000
62 63.000000 1541.900000
63 64.000000 1541.800000
64 65.000000 1541.700000
65 66.000000 1541.800000
66 67.000000 1541.800000
67 68.000000 1541.800000
68 69.000000 1541.800000
69 70.000000 1541.800000
70 71.000000 1541.800000
71 72.000000 1541.800000
72 73.000000 1541.700000
73 74.000000 1541.800000
74 75.000000 1541.700000
75 76.000000 1541.600000
76 77.000000 1541.600000
77 78.000000 1541.500000
78 79.000000 1541.500000
79 80.000000 1541.400000
80 81.000000 1541.400000
81 82.000000 1541.200000
82 83.000000 1541.000000
83 84.000000 1541.000000
84 85.000000 1540.800000
85 86.000000 1540.800000
86 87.000000 1540.800000
87 88.000000 1540.700000
88 89.000000 1540.500000
89 90.000000 1540.300000
90 91.000000 1540.200000
91 92.000000 1540.200000
92 93.000000 1540.100000
93 94.000000 1540.000000
94 95.000000 1540.000000
95 96.000000 1540.000000
96 97.000000 1540.000000
97 98.000000 1540.000000
98 99.000000 1539.900000
99 12000.000000 1739.900000
