2011 128 03 49 11.00 1304826551.000 28.895 145.99753898 15.96038752
2011 128 03 49 12.00 1304826552.000 29.146 145.99759027 15.96038992
2011 128 03 49 13.00 1304826553.000 28.980 145.99764598 15.96039290
2011 128 03 49 14.00 1304826554.000 28.327 145.99770535 15.96039652
2011 128 03 49 15.00 1304826555.000 27.680 145.99776058 15.96039795
2011 128 03 49 16.00 1304826556.000 27.839 145.99780667 15.96039632
2011 128 03 49 17.00 1304826557.000 28.853 145.99784902 15.96039673
2011 128 03 49 18.00 1304826558.000 29.889 145.99789780 15.96040257
2011 128 03 49 19.00 1304826559.000 29.833 145.99795750 15.96040920
2011 128 03 49 20.00 1304826560.000 28.557 145.99802095 15.96041048
2011 128 03 49 21.00 1304826561.000 27.413 145.99807618 15.96040783
2011 128 03 49 22.00 1304826562.000 27.585 145.99811865 15.96040683
2011 128 03 49 23.00 1304826563.000 28.795 145.99815667 15.96041037
2011 128 03 49 24.00 1304826564.000 29.829 145.99820268 15.96041542
2011 128 03 49 25.00 1304826565.000 29.589 145.99826315 15.96041842
2011 128 03 49 26.00 1304826566.000 28.151 145.99832952 15.96041775
2011 128 03 49 27.00 1304826567.000 27.183 145.99838387 15.96041425
2011 128 03 49 28.00 1304826568.000 27.737 145.99842082 15.96041080
2011 128 03 49 29.00 1304826569.000 29.242 145.99845572 15.96040987
2011 128 03 49 30.00 1304826570.000 30.252 145.99850370 15.96041055
2011 128 03 49 31.00 1304826571.000 29.858 145.99856473 15.96041178
2011 128 03 49 32.00 1304826572.000 28.323 145.99862715 15.96041178
2011 128 03 49 33.00 1304826573.000 27.276 145.99867847 15.96041028
2011 128 03 49 34.00 1304826574.000 27.627 145.99871732 15.96040873
2011 128 03 49 35.00 1304826575.000 28.894 145.99875485 15.96040685
2011 128 03 49 36.00 1304826576.000 29.683 145.99880227 15.96040468
2011 128 03 49 37.00 1304826577.000 29.366 145.99886035 15.96040322
2011 128 03 49 38.00 1304826578.000 28.347 145.99892003 15.96040075
2011 128 03 49 39.00 1304826579.000 27.711 145.99897177 15.96039837
2011 128 03 49 40.00 1304826580.000 28.069 145.99901533 15.96039745
2011 128 03 49 41.00 1304826581.000 28.946 145.99905680 15.96039568
2011 128 03 49 42.00 1304826582.000 29.539 145.99910272 15.96039083
2011 128 03 49 43.00 1304826583.000 29.488 145.99915680 15.96038585
2011 128 03 49 44.00 1304826584.000 28.753 145.99921543 15.96038405
2011 128 03 49 45.00 1304826585.000 28.037 145.99927048 15.96038455
2011 128 03 49 46.00 1304826586.000 27.902 145.99931750 15.96038400
2011 128 03 49 47.00 1304826587.000 28.373 145.99936023 15.96038115
2011 128 03 49 48.00 1304826588.000 28.895 145.99940648 15.96037613
2011 128 03 49 49.00 1304826589.000 28.956 145.99946095 15.96037097
2011 128 03 49 50.00 1304826590.000 28.629 145.99951923 15.96036718
2011 128 03 49 51.00 1304826591.000 28.487 145.99957280 15.96036442
2011 128 03 49 52.00 1304826592.000 28.762 145.99961893 15.96036318
2011 128 03 49 53.00 1304826593.000 29.227 145.99966328 15.96036262
2011 128 03 49 54.00 1304826594.000 29.162 145.99971505 15.96036157
2011 128 03 49 55.00 1304826595.000 28.535 145.99977353 15.96035902
2011 128 03 49 56.00 1304826596.000 27.933 145.99982905 15.96035555
2011 128 03 49 57.00 1304826597.000 27.996 145.99987830 15.96035115
2011 128 03 49 58.00 1304826598.000 28.578 145.99992485 15.96034658
2011 128 03 49 59.00 1304826599.000 29.144 145.99997388 15.96034553
2011 128 03 50 00.00 1304826600.000 29.276 146.00002792 15.96034600
2011 128 03 50 01.00 1304826601.000 28.887 146.00008535 15.96034553
2011 128 03 50 02.00 1304826602.000 28.345 146.00014123 15.96034465
2011 128 03 50 03.00 1304826603.000 28.127 146.00019217 15.96034220
2011 128 03 50 04.00 1304826604.000 28.472 146.00024020 15.96033908
2011 128 03 50 05.00 1304826605.000 28.942 146.00029037 15.96033828
2011 128 03 50 06.00 1304826606.000 29.097 146.00034478 15.96034002
2011 128 03 50 07.00 1304826607.000 28.852 146.00040165 15.96034103
2011 128 03 50 08.00 1304826608.000 28.469 146.00045770 15.96033933
2011 128 03 50 09.00 1304826609.000 28.295 146.00051105 15.96033568
2011 128 03 50 10.00 1304826610.000 28.454 146.00056193 15.96033297
2011 128 03 50 11.00 1304826611.000 28.781 146.00061300 15.96033415
2011 128 03 50 12.00 1304826612.000 28.907 146.00066672 15.96033773
2011 128 03 50 13.00 1304826613.000 28.670 146.00072298 15.96033863
2011 128 03 50 14.00 1304826614.000 28.362 146.00077983 15.96033708
2011 128 03 50 15.00 1304826615.000 28.256 146.00083488 15.96033705
2011 128 03 50 16.00 1304826616.000 28.554 146.00088725 15.96033717
2011 128 03 50 17.00 1304826617.000 28.915 146.00094013 15.96033652
2011 128 03 50 18.00 1304826618.000 28.988 146.00099485 15.96033622
2011 128 03 50 19.00 1304826619.000 28.669 146.00105043 15.96033535
2011 128 03 50 20.00 1304826620.000 28.440 146.00110610 15.96033497
2011 128 03 50 21.00 1304826621.000 28.421 146.00116138 15.96033578
2011 128 03 50 22.00 1304826622.000 28.450 146.00121713 15.96033773
2011 128 03 50 23.00 1304826623.000 28.451 146.00127367 15.96033875
2011 128 03 50 24.00 1304826624.000 28.410 146.00132908 15.96033970
2011 128 03 50 25.00 1304826625.000 28.584 146.00138175 15.96034072
2011 128 03 50 26.00 1304826626.000 29.017 146.00143385 15.96034023
2011 128 03 50 27.00 1304826627.000 29.287 146.00148962 15.96034062
2011 128 03 50 28.00 1304826628.000 28.907 146.00155022 15.96034260
2011 128 03 50 29.00 1304826629.000 28.157 146.00161042 15.96034317
2011 128 03 50 30.00 1304826630.000 27.738 146.00166502 15.96034272
2011 128 03 50 31.00 1304826631.000 28.167 146.00171492 15.96034370
2011 128 03 50 32.00 1304826632.000 28.964 146.00176588 15.96034545
2011 128 03 50 33.00 1304826633.000 29.343 146.00182273 15.96034682
2011 128 03 50 34.00 1304826634.000 28.959 146.00188505 15.96034832
2011 128 03 50 35.00 1304826635.000 28.321 146.00194470 15.96034860
2011 128 03 50 36.00 1304826636.000 28.186 146.00199692 15.96034843
2011 128 03 50 37.00 1304826637.000 28.589 146.00204665 15.96035040
2011 128 03 50 38.00 1304826638.000 28.797 146.00210238 15.96035427
2011 128 03 50 39.00 1304826639.000 28.636 146.00216212 15.96035858
2011 128 03 50 40.00 1304826640.000 28.398 146.00221937 15.96036105
2011 128 03 50 41.00 1304826641.000 28.390 146.00227485 15.96035930
2011 128 03 50 42.00 1304826642.000 28.619 146.00233018 15.96035640
2011 128 03 50 43.00 1304826643.000 28.841 146.00238632 15.96035668
2011 128 03 50 44.00 1304826644.000 28.800 146.00244360 15.96036002
2011 128 03 50 45.00 1304826645.000 28.624 146.00250015 15.96036222
2011 128 03 50 46.00 1304826646.000 28.463 146.00255570 15.96036222
2011 128 03 50 47.00 1304826647.000 28.559 146.00261162 15.96036370
2011 128 03 50 48.00 1304826648.000 28.721 146.00266787 15.96036690
2011 128 03 50 49.00 1304826649.000 28.792 146.00272468 15.96037077
2011 128 03 50 50.00 1304826650.000 28.598 146.00278180 15.96037425
2011 128 03 50 51.00 1304826651.000 28.431 146.00283820 15.96037703
2011 128 03 50 52.00 1304826652.000 28.398 146.00289472 15.96037927
2011 128 03 50 53.00 1304826653.000 28.514 146.00295117 15.96037928
2011 128 03 50 54.00 1304826654.000 28.616 146.00300858 15.96037660
2011 128 03 50 55.00 1304826655.000 28.631 146.00306672 15.96037658
2011 128 03 50 56.00 1304826656.000 28.707 146.00312392 15.96038035
2011 128 03 50 57.00 1304826657.000 28.790 146.00317938 15.96038263
2011 128 03 50 58.00 1304826658.000 28.834 146.00323542 15.96038318
2011 128 03 50 59.00 1304826659.000 28.618 146.00329445 15.96038455
2011 128 03 51 00.00 1304826660.000 28.309 146.00335427 15.96038845
2011 128 03 51 01.00 1304826661.000 28.201 146.00341137 15.96039383
2011 128 03 51 02.00 1304826662.000 28.451 146.00346518 15.96039733
2011 128 03 51 03.00 1304826663.000 28.889 146.00352007 15.96039833
2011 128 03 51 04.00 1304826664.000 29.065 146.00357875 15.96039693
2011 128 03 51 05.00 1304826665.000 28.828 146.00364000 15.96039415
2011 128 03 51 06.00 1304826666.000 28.388 146.00370063 15.96039198
2011 128 03 51 07.00 1304826667.000 28.171 146.00375760 15.96039292
2011 128 03 51 08.00 1304826668.000 28.463 146.00381148 15.96039695
2011 128 03 51 09.00 1304826669.000 28.821 146.00386668 15.96040165
2011 128 03 51 10.00 1304826670.000 28.831 146.00392560 15.96040558
2011 128 03 51 11.00 1304826671.000 28.519 146.00398723 15.96040697
2011 128 03 51 12.00 1304826672.000 28.350 146.00404635 15.96040442
2011 128 03 51 13.00 1304826673.000 28.537 146.00410135 15.96040137
2011 128 03 51 14.00 1304826674.000 28.831 146.00415702 15.96040257
2011 128 03 51 15.00 1304826675.000 28.718 146.00421715 15.96040662
2011 128 03 51 16.00 1304826676.000 28.388 146.00427820 15.96041065
2011 128 03 51 17.00 1304826677.000 28.337 146.00433478 15.96041217
2011 128 03 51 18.00 1304826678.000 28.691 146.00438825 15.96041090
2011 128 03 51 19.00 1304826679.000 29.072 146.00444630 15.96041102
2011 128 03 51 20.00 1304826680.000 28.807 146.00450978 15.96041317
2011 128 03 51 21.00 1304826681.000 28.267 146.00457048 15.96041547
2011 128 03 51 22.00 1304826682.000 28.038 146.00462462 15.96041725
2011 128 03 51 23.00 1304826683.000 28.385 146.00467840 15.96041708
2011 128 03 51 24.00 1304826684.000 28.799 146.00473805 15.96041605
2011 128 03 51 25.00 1304826685.000 28.789 146.00480182 15.96041900
2011 128 03 51 26.00 1304826686.000 28.509 146.00486130 15.96042403
2011 128 03 51 27.00 1304826687.000 28.453 146.00491433 15.96042543
2011 128 03 51 28.00 1304826688.000 28.825 146.00496762 15.96042380
2011 128 03 51 29.00 1304826689.000 28.998 146.00502792 15.96042338
2011 128 03 51 30.00 1304826690.000 28.605 146.00509267 15.96042555
2011 128 03 51 31.00 1304826691.000 28.073 146.00515370 15.96042807
2011 128 03 51 32.00 1304826692.000 28.011 146.00520893 15.96042985
2011 128 03 51 33.00 1304826693.000 28.471 146.00526163 15.96043155
2011 128 03 51 34.00 1304826694.000 28.934 146.00531710 15.96043290
2011 128 03 51 35.00 1304826695.000 29.001 146.00537833 15.96043357
2011 128 03 51 36.00 1304826696.000 28.563 146.00544330 15.96043308
2011 128 03 51 37.00 1304826697.000 28.031 146.00550563 15.96043262
2011 128 03 51 38.00 1304826698.000 28.182 146.00556077 15.96043590
2011 128 03 51 39.00 1304826699.000 28.756 146.00561128 15.96044157
2011 128 03 51 40.00 1304826700.000 29.308 146.00566537 15.96044633
2011 128 03 51 41.00 1304826701.000 29.314 146.00572730 15.96044870
2011 128 03 51 42.00 1304826702.000 28.565 146.00579423 15.96044948
2011 128 03 51 43.00 1304826703.000 27.770 146.00585702 15.96044933
2011 128 03 51 44.00 1304826704.000 27.709 146.00591012 15.96044933
2011 128 03 51 45.00 1304826705.000 28.489 146.00595933 15.96045125
2011 128 03 51 46.00 1304826706.000 29.281 146.00601485 15.96045538
2011 128 03 51 47.00 1304826707.000 29.253 146.00607937 15.96046115
2011 128 03 51 48.00 1304826708.000 28.525 146.00614485 15.96046493
2011 128 03 51 49.00 1304826709.000 28.059 146.00620343 15.96046613
2011 128 03 51 50.00 1304826710.000 28.229 146.00625675 15.96046752
2011 128 03 51 51.00 1304826711.000 28.694 146.00631152 15.96047135
2011 128 03 51 52.00 1304826712.000 28.958 146.00636983 15.96047590
2011 128 03 51 53.00 1304826713.000 28.985 146.00642907 15.96047875
2011 128 03 51 54.00 1304826714.000 28.837 146.00648862 15.96048038
2011 128 03 51 55.00 1304826715.000 28.590 146.00654973 15.96048188
2011 128 03 51 56.00 1304826716.000 28.390 146.00661083 15.96048437
2011 128 03 51 57.00 1304826717.000 28.308 146.00666892 15.96048715
2011 128 03 51 58.00 1304826718.000 28.361 146.00672335 15.96049048
2011 128 03 51 59.00 1304826719.000 28.598 146.00677927 15.96049502
2011 128 03 52 00.00 1304826720.000 28.772 146.00683967 15.96049862
2011 128 03 52 01.00 1304826721.000 28.761 146.00690267 15.96050103
2011 128 03 52 02.00 1304826722.000 28.650 146.00696342 15.96050313
2011 128 03 52 03.00 1304826723.000 28.608 146.00702060 15.96050570
2011 128 03 52 04.00 1304826724.000 28.674 146.00707802 15.96050903
2011 128 03 52 05.00 1304826725.000 28.722 146.00713667 15.96051250
2011 128 03 52 06.00 1304826726.000 28.710 146.00719587 15.96051498
2011 128 03 52 07.00 1304826727.000 28.650 146.00725615 15.96051662
2011 128 03 52 08.00 1304826728.000 28.544 146.00731637 15.96051797
2011 128 03 52 09.00 1304826729.000 28.523 146.00737578 15.96052085
2011 128 03 52 10.00 1304826730.000 28.492 146.00743610 15.96052493
2011 128 03 52 11.00 1304826731.000 28.405 146.00749547 15.96052900
2011 128 03 52 12.00 1304826732.000 28.540 146.00755295 15.96053130
2011 128 03 52 13.00 1304826733.000 28.890 146.00761003 15.96053248
2011 128 03 52 14.00 1304826734.000 29.060 146.00766977 15.96053395
2011 128 03 52 15.00 1304826735.000 28.751 146.00773308 15.96053665
2011 128 03 52 16.00 1304826736.000 28.139 146.00779677 15.96054072
2011 128 03 52 17.00 1304826737.000 27.807 146.00785663 15.96054347
2011 128 03 52 18.00 1304826738.000 28.203 146.00791205 15.96054262
2011 128 03 52 19.00 1304826739.000 29.069 146.00796580 15.96054063
2011 128 03 52 20.00 1304826740.000 29.683 146.00802315 15.96054065
2011 128 03 52 21.00 1304826741.000 29.468 146.00808777 15.96054407
2011 128 03 52 22.00 1304826742.000 28.450 146.00815498 15.96054987
2011 128 03 52 23.00 1304826743.000 27.637 146.00821608 15.96055422
2011 128 03 52 24.00 1304826744.000 27.710 146.00826883 15.96055292
2011 128 03 52 25.00 1304826745.000 28.444 146.00831967 15.96054893
2011 128 03 52 26.00 1304826746.000 29.064 146.00837698 15.96054773
2011 128 03 52 27.00 1304826747.000 29.094 146.00844205 15.96055017
2011 128 03 52 28.00 1304826748.000 28.624 146.00850792 15.96055265
2011 128 03 52 29.00 1304826749.000 28.325 146.00856765 15.96055402
2011 128 03 52 30.00 1304826750.000 28.471 146.00862105 15.96055470
2011 128 03 52 31.00 1304826751.000 28.796 146.00867420 15.96055637
2011 128 03 52 32.00 1304826752.000 28.992 146.00873213 15.96055763
2011 128 03 52 33.00 1304826753.000 28.862 146.00879583 15.96055668
2011 128 03 52 34.00 1304826754.000 28.382 146.00886078 15.96055412
2011 128 03 52 35.00 1304826755.000 28.143 146.00891992 15.96055442
2011 128 03 52 36.00 1304826756.000 28.397 146.00897277 15.96055555
2011 128 03 52 37.00 1304826757.000 28.906 146.00902577 15.96055440
2011 128 03 52 38.00 1304826758.000 28.988 146.00908703 15.96055237
2011 128 03 52 39.00 1304826759.000 28.523 146.00915247 15.96055197
2011 128 03 52 40.00 1304826760.000 28.193 146.00921217 15.96055412
2011 128 03 52 41.00 1304826761.000 28.475 146.00926520 15.96055673
2011 128 03 52 42.00 1304826762.000 28.974 146.00931885 15.96055575
2011 128 03 52 43.00 1304826763.000 28.983 146.00937915 15.96055288
2011 128 03 52 44.00 1304826764.000 28.392 146.00944407 15.96055265
2011 128 03 52 45.00 1304826765.000 27.938 146.00950438 15.96055283
2011 128 03 52 46.00 1304826766.000 28.339 146.00955667 15.96054938
2011 128 03 52 47.00 1304826767.000 29.131 146.00960823 15.96054290
2011 128 03 52 48.00 1304826768.000 29.312 146.00966807 15.96054160
2011 128 03 52 49.00 1304826769.000 28.587 146.00973337 15.96054610
2011 128 03 52 50.00 1304826770.000 27.938 146.00979510 15.96055088
2011 128 03 52 51.00 1304826771.000 28.035 146.00984940 15.96054805
2011 128 03 52 52.00 1304826772.000 28.786 146.00990075 15.96054022
2011 128 03 52 53.00 1304826773.000 29.380 146.00995513 15.96053510
2011 128 03 52 54.00 1304826774.000 29.389 146.01001540 15.96053500
2011 128 03 52 55.00 1304826775.000 28.763 146.01008023 15.96053677
2011 128 03 52 56.00 1304826776.000 28.027 146.01014297 15.96053733
2011 128 03 52 57.00 1304826777.000 27.871 146.01019735 15.96053720
2011 128 03 52 58.00 1304826778.000 28.366 146.01024603 15.96053617
2011 128 03 52 59.00 1304826779.000 29.008 146.01029877 15.96053268
2011 128 03 53 00.00 1304826780.000 29.200 146.01036068 15.96052843
2011 128 03 53 01.00 1304826781.000 28.648 146.01042762 15.96052595
2011 128 03 53 02.00 1304826782.000 27.961 146.01048808 15.96052508
2011 128 03 53 03.00 1304826783.000 28.045 146.01053907 15.96052528
2011 128 03 53 04.00 1304826784.000 28.783 146.01058865 15.96052697
2011 128 03 53 05.00 1304826785.000 29.304 146.01064515 15.96052820
2011 128 03 53 06.00 1304826786.000 29.138 146.01070817 15.96052643
2011 128 03 53 07.00 1304826787.000 28.623 146.01077158 15.96052107
2011 128 03 53 08.00 1304826788.000 28.248 146.01083010 15.96051603
2011 128 03 53 09.00 1304826789.000 28.301 146.01088342 15.96051687
2011 128 03 53 10.00 1304826790.000 28.573 146.01093582 15.96052228
2011 128 03 53 11.00 1304826791.000 28.914 146.01099143 15.96052683
2011 128 03 53 12.00 1304826792.000 29.046 146.01105163 15.96052660
2011 128 03 53 13.00 1304826793.000 28.710 146.01111490 15.96052232
2011 128 03 53 14.00 1304826794.000 28.159 146.01117673 15.96051618
2011 128 03 53 15.00 1304826795.000 27.930 146.01123363 15.96051277
2011 128 03 53 16.00 1304826796.000 28.252 146.01128548 15.96051463
2011 128 03 53 17.00 1304826797.000 28.861 146.01133645 15.96051863
2011 128 03 53 18.00 1304826798.000 29.246 146.01139465 15.96052123
2011 128 03 53 19.00 1304826799.000 29.014 146.01146057 15.96052055
2011 128 03 53 20.00 1304826800.000 28.520 146.01152383 15.96051762
2011 128 03 53 21.00 1304826801.000 28.266 146.01157837 15.96051600
2011 128 03 53 22.00 1304826802.000 28.517 146.01162997 15.96051487
2011 128 03 53 23.00 1304826803.000 28.861 146.01168597 15.96051250
2011 128 03 53 24.00 1304826804.000 28.934 146.01174527 15.96051198
2011 128 03 53 25.00 1304826805.000 28.714 146.01180543 15.96051498
2011 128 03 53 26.00 1304826806.000 28.345 146.01186585 15.96051720
2011 128 03 53 27.00 1304826807.000 28.215 146.01192530 15.96051537
2011 128 03 53 28.00 1304826808.000 28.392 146.01198095 15.96051087
2011 128 03 53 29.00 1304826809.000 28.770 146.01203388 15.96050892
2011 128 03 53 30.00 1304826810.000 28.982 146.01208980 15.96051083
2011 128 03 53 31.00 1304826811.000 28.778 146.01215207 15.96051333
2011 128 03 53 32.00 1304826812.000 28.289 146.01221605 15.96051443
2011 128 03 53 33.00 1304826813.000 28.072 146.01227508 15.96051382
2011 128 03 53 34.00 1304826814.000 28.282 146.01232887 15.96051172
2011 128 03 53 35.00 1304826815.000 28.752 146.01238305 15.96050963
2011 128 03 53 36.00 1304826816.000 29.155 146.01244015 15.96050962
2011 128 03 53 37.00 1304826817.000 29.268 146.01249937 15.96051122
2011 128 03 53 38.00 1304826818.000 28.836 146.01256122 15.96051133
2011 128 03 53 39.00 1304826819.000 28.169 146.01262398 15.96051082
2011 128 03 53 40.00 1304826820.000 27.819 146.01268292 15.96051123
2011 128 03 53 41.00 1304826821.000 28.062 146.01273663 15.96051262
2011 128 03 53 42.00 1304826822.000 28.654 146.01278977 15.96051322
2011 128 03 53 43.00 1304826823.000 29.199 146.01284765 15.96051247
2011 128 03 53 44.00 1304826824.000 29.203 146.01291088 15.96051173
2011 128 03 53 45.00 1304826825.000 28.641 146.01297422 15.96051422
2011 128 03 53 46.00 1304826826.000 28.115 146.01303303 15.96051808
2011 128 03 53 47.00 1304826827.000 28.147 146.01308810 15.96051743
2011 128 03 53 48.00 1304826828.000 28.521 146.01314430 15.96051240
2011 128 03 53 49.00 1304826829.000 28.803 146.01320327 15.96050928
2011 128 03 53 50.00 1304826830.000 28.810 146.01326338 15.96051067
2011 128 03 53 51.00 1304826831.000 28.599 146.01332427 15.96051467
2011 128 03 53 52.00 1304826832.000 28.466 146.01338345 15.96051662
2011 128 03 53 53.00 1304826833.000 28.626 146.01344007 15.96051410
2011 128 03 53 54.00 1304826834.000 28.793 146.01349708 15.96051183
2011 128 03 53 55.00 1304826835.000 28.675 146.01355763 15.96051247
2011 128 03 53 56.00 1304826836.000 28.290 146.01361952 15.96051480
2011 128 03 53 57.00 1304826837.000 27.998 146.01367988 15.96051845
2011 128 03 53 58.00 1304826838.000 28.124 146.01373603 15.96051908
2011 128 03 53 59.00 1304826839.000 28.726 146.01379045 15.96051558
2011 128 03 54 00.00 1304826840.000 29.374 146.01384910 15.96051232
2011 128 03 54 01.00 1304826841.000 29.332 146.01391348 15.96051118
2011 128 03 54 02.00 1304826842.000 28.676 146.01397797 15.96051215
2011 128 03 54 03.00 1304826843.000 28.127 146.01403593 15.96051412
2011 128 03 54 04.00 1304826844.000 28.184 146.01408870 15.96051560
2011 128 03 54 05.00 1304826845.000 28.630 146.01414290 15.96051658
2011 128 03 54 06.00 1304826846.000 28.860 146.01420310 15.96051597
2011 128 03 54 07.00 1304826847.000 28.600 146.01426780 15.96051625
2011 128 03 54 08.00 1304826848.000 28.145 146.01433032 15.96051827
2011 128 03 54 09.00 1304826849.000 28.152 146.01438723 15.96051985
2011 128 03 54 10.00 1304826850.000 28.621 146.01444093 15.96051742
2011 128 03 54 11.00 1304826851.000 29.031 146.01449712 15.96051253
2011 128 03 54 12.00 1304826852.000 28.978 146.01455908 15.96050972
2011 128 03 54 13.00 1304826853.000 28.579 146.01462248 15.96051012
2011 128 03 54 14.00 1304826854.000 28.315 146.01468295 15.96051215
2011 128 03 54 15.00 1304826855.000 28.374 146.01473982 15.96051312
2011 128 03 54 16.00 1304826856.000 28.680 146.01479570 15.96051323
2011 128 03 54 17.00 1304826857.000 28.888 146.01485342 15.96051433
2011 128 03 54 18.00 1304826858.000 28.858 146.01491412 15.96051528
2011 128 03 54 19.00 1304826859.000 28.609 146.01497678 15.96051527
2011 128 03 54 20.00 1304826860.000 28.256 146.01503773 15.96051507
2011 128 03 54 21.00 1304826861.000 28.119 146.01509512 15.96051390
2011 128 03 54 22.00 1304826862.000 28.322 146.01515173 15.96051132
2011 128 03 54 23.00 1304826863.000 28.585 146.01521117 15.96050905
2011 128 03 54 24.00 1304826864.000 28.655 146.01527325 15.96050748
2011 128 03 54 25.00 1304826865.000 28.629 146.01533337 15.96050772
2011 128 03 54 26.00 1304826866.000 28.780 146.01539072 15.96051125
2011 128 03 54 27.00 1304826867.000 28.971 146.01544935 15.96051497
2011 128 03 54 28.00 1304826868.000 28.856 146.01551103 15.96051578
2011 128 03 54 29.00 1304826869.000 28.519 146.01557182 15.96051505
2011 128 03 54 30.00 1304826870.000 28.206 146.01562987 15.96051587
2011 128 03 54 31.00 1304826871.000 28.111 146.01568873 15.96051940
2011 128 03 54 32.00 1304826872.000 28.294 146.01574943 15.96052170
2011 128 03 54 33.00 1304826873.000 28.682 146.01580862 15.96052090
2011 128 03 54 34.00 1304826874.000 28.999 146.01586580 15.96051962
2011 128 03 54 35.00 1304826875.000 28.930 146.01592585 15.96051973
2011 128 03 54 36.00 1304826876.000 28.593 146.01598827 15.96052157
2011 128 03 54 37.00 1304826877.000 28.364 146.01605017 15.96052317
2011 128 03 54 38.00 1304826878.000 28.393 146.01610835 15.96052272
2011 128 03 54 39.00 1304826879.000 28.622 146.01616415 15.96052132
2011 128 03 54 40.00 1304826880.000 28.850 146.01622247 15.96052187
2011 128 03 54 41.00 1304826881.000 28.691 146.01628415 15.96052685
2011 128 03 54 42.00 1304826882.000 28.369 146.01634622 15.96053145
2011 128 03 54 43.00 1304826883.000 28.194 146.01640712 15.96053128
2011 128 03 54 44.00 1304826884.000 28.285 146.01646653 15.96052793
2011 128 03 54 45.00 1304826885.000 28.562 146.01652340 15.96052553
2011 128 03 54 46.00 1304826886.000 28.920 146.01657887 15.96052560
2011 128 03 54 47.00 1304826887.000 29.136 146.01663790 15.96052573
2011 128 03 54 48.00 1304826888.000 28.922 146.01670295 15.96052323
2011 128 03 54 49.00 1304826889.000 28.351 146.01676853 15.96052068
2011 128 03 54 50.00 1304826890.000 27.941 146.01682613 15.96051990
2011 128 03 54 51.00 1304826891.000 28.198 146.01687807 15.96052040
2011 128 03 54 52.00 1304826892.000 28.847 146.01693232 15.96052090
2011 128 03 54 53.00 1304826893.000 29.192 146.01699410 15.96052158
2011 128 03 54 54.00 1304826894.000 28.775 146.01706028 15.96052187
2011 128 03 54 55.00 1304826895.000 28.173 146.01712297 15.96052110
2011 128 03 54 56.00 1304826896.000 28.055 146.01717873 15.96051738
2011 128 03 54 57.00 1304826897.000 28.454 146.01723228 15.96051207
2011 128 03 54 58.00 1304826898.000 28.837 146.01729042 15.96050840
2011 128 03 54 59.00 1304826899.000 28.840 146.01735220 15.96050763
2011 128 03 55 00.00 1304826900.000 28.644 146.01741325 15.96050867
2011 128 03 55 01.00 1304826901.000 28.651 146.01747155 15.96050862
2011 128 03 55 02.00 1304826902.000 28.795 146.01752953 15.96050720
2011 128 03 55 03.00 1304826903.000 28.731 146.01758880 15.96050600
2011 128 03 55 04.00 1304826904.000 28.441 146.01764948 15.96050608
2011 128 03 55 05.00 1304826905.000 28.219 146.01770908 15.96050708
2011 128 03 55 06.00 1304826906.000 28.240 146.01776648 15.96050425
2011 128 03 55 07.00 1304826907.000 28.497 146.01782320 15.96049728
2011 128 03 55 08.00 1304826908.000 28.752 146.01788250 15.96049272
2011 128 03 55 09.00 1304826909.000 28.712 146.01794368 15.96049262
2011 128 03 55 10.00 1304826910.000 28.492 146.01800325 15.96049497
2011 128 03 55 11.00 1304826911.000 28.519 146.01806188 15.96049587
2011 128 03 55 12.00 1304826912.000 28.773 146.01811963 15.96049215
2011 128 03 55 13.00 1304826913.000 28.913 146.01817693 15.96048815
2011 128 03 55 14.00 1304826914.000 28.749 146.01823662 15.96048783
2011 128 03 55 15.00 1304826915.000 28.352 146.01829803 15.96048928
2011 128 03 55 16.00 1304826916.000 28.143 146.01835792 15.96048980
2011 128 03 55 17.00 1304826917.000 28.332 146.01841415 15.96048837
2011 128 03 55 18.00 1304826918.000 28.738 146.01846892 15.96048545
2011 128 03 55 19.00 1304826919.000 29.061 146.01852605 15.96048273
2011 128 03 55 20.00 1304826920.000 28.938 146.01858820 15.96048095
2011 128 03 55 21.00 1304826921.000 28.362 146.01865203 15.96047940
2011 128 03 55 22.00 1304826922.000 27.936 146.01871087 15.96047932
2011 128 03 55 23.00 1304826923.000 28.260 146.01876352 15.96048013
2011 128 03 55 24.00 1304826924.000 28.956 146.01881618 15.96048127
2011 128 03 55 25.00 1304826925.000 29.299 146.01887522 15.96048180
2011 128 03 55 26.00 1304826926.000 28.929 146.01893927 15.96048032
2011 128 03 55 27.00 1304826927.000 28.282 146.01900180 15.96047737
2011 128 03 55 28.00 1304826928.000 28.070 146.01905877 15.96047465
2011 128 03 55 29.00 1304826929.000 28.286 146.01911162 15.96047280
2011 128 03 55 30.00 1304826930.000 28.669 146.01916645 15.96047170
2011 128 03 55 31.00 1304826931.000 28.882 146.01922592 15.96047175
2011 128 03 55 32.00 1304826932.000 28.847 146.01928615 15.96047207
2011 128 03 55 33.00 1304826933.000 28.737 146.01934435 15.96047255
2011 128 03 55 34.00 1304826934.000 28.574 146.01940225 15.96047230
2011 128 03 55 35.00 1304826935.000 28.409 146.01946045 15.96047067
2011 128 03 55 36.00 1304826936.000 28.319 146.01951790 15.96046682
2011 128 03 55 37.00 1304826937.000 28.413 146.01957385 15.96046287
2011 128 03 55 38.00 1304826938.000 28.704 146.01962930 15.96046288
2011 128 03 55 39.00 1304826939.000 28.949 146.01968645 15.96046615
2011 128 03 55 40.00 1304826940.000 28.792 146.01974760 15.96046843
2011 128 03 55 41.00 1304826941.000 28.352 146.01981028 15.96046592
2011 128 03 55 42.00 1304826942.000 28.070 146.01986892 15.96045845
2011 128 03 55 43.00 1304826943.000 28.330 146.01992170 15.96045218
2011 128 03 55 44.00 1304826944.000 28.907 146.01997298 15.96045178
2011 128 03 55 45.00 1304826945.000 29.362 146.02002940 15.96045463
2011 128 03 55 46.00 1304826946.000 29.192 146.02009238 15.96045583
2011 128 03 55 47.00 1304826947.000 28.471 146.02015653 15.96045502
2011 128 03 55 48.00 1304826948.000 27.813 146.02021452 15.96045310
2011 128 03 55 49.00 1304826949.000 27.910 146.02026560 15.96045048
2011 128 03 55 50.00 1304826950.000 28.548 146.02031612 15.96044737
2011 128 03 55 51.00 1304826951.000 29.127 146.02037218 15.96044470
2011 128 03 55 52.00 1304826952.000 29.135 146.02043365 15.96044183
2011 128 03 55 53.00 1304826953.000 28.678 146.02049615 15.96043993
2011 128 03 55 54.00 1304826954.000 28.229 146.02055578 15.96043883
2011 128 03 55 55.00 1304826955.000 28.177 146.02061035 15.96043815
2011 128 03 55 56.00 1304826956.000 28.500 146.02066232 15.96043812
2011 128 03 55 57.00 1304826957.000 29.058 146.02071540 15.96043787
2011 128 03 55 58.00 1304826958.000 29.295 146.02077418 15.96043685
2011 128 03 55 59.00 1304826959.000 28.948 146.02083718 15.96043593
2011 128 03 56 00.00 1304826960.000 28.315 146.02089742 15.96043555
2011 128 03 56 01.00 1304826961.000 28.073 146.02095187 15.96043305
2011 128 03 56 02.00 1304826962.000 28.353 146.02100507 15.96042855
2011 128 03 56 03.00 1304826963.000 28.602 146.02106113 15.96042402
2011 128 03 56 04.00 1304826964.000 28.719 146.02111848 15.96042105
2011 128 03 56 05.00 1304826965.000 28.725 146.02117593 15.96042153
2011 128 03 56 06.00 1304826966.000 28.725 146.02123358 15.96042362
2011 128 03 56 07.00 1304826967.000 28.771 146.02129182 15.96042432
2011 128 03 56 08.00 1304826968.000 28.708 146.02134977 15.96042343
2011 128 03 56 09.00 1304826969.000 28.511 146.02140622 15.96042107
2011 128 03 56 10.00 1304826970.000 28.328 146.02146118 15.96041750
2011 128 03 56 11.00 1304826971.000 28.468 146.02151650 15.96041438
2011 128 03 56 12.00 1304826972.000 28.702 146.02157450 15.96041410
2011 128 03 56 13.00 1304826973.000 28.735 146.02163522 15.96041493
2011 128 03 56 14.00 1304826974.000 28.552 146.02169438 15.96041400
2011 128 03 56 15.00 1304826975.000 28.506 146.02174855 15.96041135
2011 128 03 56 16.00 1304826976.000 28.817 146.02180077 15.96040700
2011 128 03 56 17.00 1304826977.000 29.173 146.02185642 15.96040405
2011 128 03 56 18.00 1304826978.000 29.009 146.02191710 15.96040420
2011 128 03 56 19.00 1304826979.000 28.288 146.02197842 15.96040478
2011 128 03 56 20.00 1304826980.000 27.803 146.02203518 15.96040515
2011 128 03 56 21.00 1304826981.000 28.010 146.02208832 15.96040473
2011 128 03 56 22.00 1304826982.000 28.559 146.02214215 15.96040297
2011 128 03 56 23.00 1304826983.000 29.028 146.02219880 15.96039950
2011 128 03 56 24.00 1304826984.000 29.154 146.02225733 15.96039527
2011 128 03 56 25.00 1304826985.000 28.918 146.02231688 15.96039173
2011 128 03 56 26.00 1304826986.000 28.627 146.02237538 15.96038947
2011 128 03 56 27.00 1304826987.000 28.587 146.02243060 15.96038918
2011 128 03 56 28.00 1304826988.000 28.698 146.02248402 15.96038937
2011 128 03 56 29.00 1304826989.000 28.664 146.02254023 15.96038818
2011 128 03 56 30.00 1304826990.000 28.395 146.02259973 15.96038710
2011 128 03 56 31.00 1304826991.000 28.147 146.02265918 15.96038608
2011 128 03 56 32.00 1304826992.000 28.247 146.02271492 15.96038375
2011 128 03 56 33.00 1304826993.000 28.594 146.02276837 15.96037932
2011 128 03 56 34.00 1304826994.000 28.859 146.02282452 15.96037383
2011 128 03 56 35.00 1304826995.000 28.890 146.02288382 15.96037098
2011 128 03 56 36.00 1304826996.000 28.783 146.02294203 15.96037123
2011 128 03 56 37.00 1304826997.000 28.744 146.02299805 15.96037088
2011 128 03 56 38.00 1304826998.000 28.730 146.02305480 15.96036942
2011 128 03 56 39.00 1304826999.000 28.652 146.02311283 15.96036663
2011 128 03 56 40.00 1304827000.000 28.481 146.02317012 15.96036408
2011 128 03 56 41.00 1304827001.000 28.407 146.02322612 15.96036250
2011 128 03 56 42.00 1304827002.000 28.602 146.02328040 15.96036030
2011 128 03 56 43.00 1304827003.000 28.817 146.02333593 15.96035847
2011 128 03 56 44.00 1304827004.000 28.653 146.02339643 15.96035857
2011 128 03 56 45.00 1304827005.000 28.092 146.02345835 15.96035847
2011 128 03 56 46.00 1304827006.000 27.908 146.02351415 15.96035537
2011 128 03 56 47.00 1304827007.000 28.466 146.02356383 15.96034953
2011 128 03 56 48.00 1304827008.000 29.206 146.02361527 15.96034432
2011 128 03 56 49.00 1304827009.000 29.441 146.02367438 15.96034307
2011 128 03 56 50.00 1304827010.000 28.852 146.02373837 15.96034385
2011 128 03 56 51.00 1304827011.000 28.067 146.02379897 15.96034415
2011 128 03 56 52.00 1304827012.000 27.949 146.02385117 15.96034485
2011 128 03 56 53.00 1304827013.000 28.583 146.02389858 15.96034443
2011 128 03 56 54.00 1304827014.000 29.241 146.02395038 15.96034227
2011 128 03 56 55.00 1304827015.000 29.181 146.02401172 15.96033962
2011 128 03 56 56.00 1304827016.000 28.344 146.02407667 15.96033842
2011 128 03 56 57.00 1304827017.000 27.677 146.02413413 15.96033843
2011 128 03 56 58.00 1304827018.000 27.966 146.02418163 15.96033773
2011 128 03 56 59.00 1304827019.000 28.847 146.02422870 15.96033527
2011 128 03 57 00.00 1304827020.000 29.405 146.02428497 15.96033125
2011 128 03 57 01.00 1304827021.000 29.109 146.02434758 15.96032733
2011 128 03 57 02.00 1304827022.000 28.409 146.02440777 15.96032545
2011 128 03 57 03.00 1304827023.000 28.067 146.02446178 15.96032672
2011 128 03 57 04.00 1304827024.000 28.307 146.02451187 15.96033020
2011 128 03 57 05.00 1304827025.000 28.724 146.02456483 15.96033062
2011 128 03 57 06.00 1304827026.000 28.855 146.02462278 15.96032707
2011 128 03 57 07.00 1304827027.000 28.802 146.02468027 15.96032245
2011 128 03 57 08.00 1304827028.000 28.745 146.02473532 15.96032022
2011 128 03 57 09.00 1304827029.000 28.577 146.02479248 15.96032195
2011 128 03 57 10.00 1304827030.000 28.223 146.02485040 15.96032472
2011 128 03 57 11.00 1304827031.000 28.132 146.02490407 15.96032300
2011 128 03 57 12.00 1304827032.000 28.530 146.02495512 15.96031802
2011 128 03 57 13.00 1304827033.000 29.000 146.02500925 15.96031498
2011 128 03 57 14.00 1304827034.000 28.986 146.02506898 15.96031663
2011 128 03 57 15.00 1304827035.000 28.398 146.02513037 15.96031947
2011 128 03 57 16.00 1304827036.000 27.929 146.02518608 15.96031905
2011 128 03 57 17.00 1304827037.000 28.190 146.02523482 15.96031622
2011 128 03 57 18.00 1304827038.000 28.969 146.02528468 15.96031415
2011 128 03 57 19.00 1304827039.000 29.400 146.02534278 15.96031435
2011 128 03 57 20.00 1304827040.000 28.868 146.02540663 15.96031543
2011 128 03 57 21.00 1304827041.000 27.987 146.02546610 15.96031623
2011 128 03 57 22.00 1304827042.000 27.738 146.02551752 15.96031508
2011 128 03 57 23.00 1304827043.000 28.340 146.02556603 15.96031223
2011 128 03 57 24.00 1304827044.000 29.015 146.02561990 15.96030943
2011 128 03 57 25.00 1304827045.000 29.138 146.02567920 15.96030963
2011 128 03 57 26.00 1304827046.000 28.711 146.02573897 15.96031157
2011 128 03 57 27.00 1304827047.000 28.206 146.02579582 15.96031160
2011 128 03 57 28.00 1304827048.000 28.115 146.02585065 15.96030923
2011 128 03 57 29.00 1304827049.000 28.382 146.02590420 15.96030678
2011 128 03 57 30.00 1304827050.000 28.729 146.02595738 15.96030727
2011 128 03 57 31.00 1304827051.000 28.820 146.02601305 15.96031133
2011 128 03 57 32.00 1304827052.000 28.657 146.02607157 15.96031508
2011 128 03 57 33.00 1304827053.000 28.437 146.02613087 15.96031458
2011 128 03 57 34.00 1304827054.000 28.349 146.02618773 15.96031162
2011 128 03 57 35.00 1304827055.000 28.482 146.02624070 15.96030742
2011 128 03 57 36.00 1304827056.000 28.776 146.02629333 15.96030380
2011 128 03 57 37.00 1304827057.000 28.905 146.02634992 15.96030593
2011 128 03 57 38.00 1304827058.000 28.683 146.02640978 15.96031250
2011 128 03 57 39.00 1304827059.000 28.227 146.02646870 15.96031635
2011 128 03 57 40.00 1304827060.000 27.981 146.02652462 15.96031600
2011 128 03 57 41.00 1304827061.000 28.132 146.02657877 15.96031415
2011 128 03 57 42.00 1304827062.000 28.572 146.02663167 15.96031275
2011 128 03 57 43.00 1304827063.000 29.130 146.02668590 15.96031260
2011 128 03 57 44.00 1304827064.000 29.313 146.02674522 15.96031443
2011 128 03 57 45.00 1304827065.000 28.855 146.02680787 15.96031633
2011 128 03 57 46.00 1304827066.000 28.163 146.02686577 15.96031647
2011 128 03 57 47.00 1304827067.000 28.050 146.02691765 15.96031705
2011 128 03 57 48.00 1304827068.000 28.533 146.02696888 15.96031822
2011 128 03 57 49.00 1304827069.000 28.938 146.02702515 15.96032013
2011 128 03 57 50.00 1304827070.000 28.800 146.02708672 15.96032383
2011 128 03 57 51.00 1304827071.000 28.383 146.02714663 15.96032617
2011 128 03 57 52.00 1304827072.000 28.270 146.02720190 15.96032543
2011 128 03 57 53.00 1304827073.000 28.508 146.02725543 15.96032367
2011 128 03 57 54.00 1304827074.000 28.813 146.02730972 15.96032347
2011 128 03 57 55.00 1304827075.000 28.918 146.02736602 15.96032442
2011 128 03 57 56.00 1304827076.000 28.708 146.02742530 15.96032733
2011 128 03 57 57.00 1304827077.000 28.412 146.02748510 15.96033030
2011 128 03 57 58.00 1304827078.000 28.270 146.02754155 15.96033232
2011 128 03 57 59.00 1304827079.000 28.491 146.02759477 15.96033480
2011 128 03 58 00.00 1304827080.000 28.842 146.02764952 15.96033685
2011 128 03 58 01.00 1304827081.000 28.962 146.02770787 15.96033777
2011 128 03 58 02.00 1304827082.000 28.758 146.02776750 15.96033978
2011 128 03 58 03.00 1304827083.000 28.461 146.02782625 15.96034157
2011 128 03 58 04.00 1304827084.000 28.355 146.02788278 15.96034040
2011 128 03 58 05.00 1304827085.000 28.535 146.02793692 15.96033867
2011 128 03 58 06.00 1304827086.000 28.807 146.02799178 15.96033938
2011 128 03 58 07.00 1304827087.000 28.819 146.02805072 15.96034208
2011 128 03 58 08.00 1304827088.000 28.430 146.02811177 15.96034505
2011 128 03 58 09.00 1304827089.000 28.072 146.02816972 15.96034770
2011 128 03 58 10.00 1304827090.000 28.225 146.02822342 15.96035047
2011 128 03 58 11.00 1304827091.000 28.747 146.02827677 15.96035273
2011 128 03 58 12.00 1304827092.000 29.143 146.02833435 15.96035313
2011 128 03 58 13.00 1304827093.000 29.018 146.02839578 15.96035102
2011 128 03 58 14.00 1304827094.000 28.534 146.02845532 15.96034977
2011 128 03 58 15.00 1304827095.000 28.395 146.02850975 15.96035108
2011 128 03 58 16.00 1304827096.000 28.608 146.02856340 15.96035417
2011 128 03 58 17.00 1304827097.000 28.803 146.02862112 15.96035835
2011 128 03 58 18.00 1304827098.000 28.611 146.02868102 15.96035968
2011 128 03 58 19.00 1304827099.000 28.286 146.02873890 15.96035785
2011 128 03 58 20.00 1304827100.000 28.257 146.02879275 15.96035730
2011 128 03 58 21.00 1304827101.000 28.518 146.02884590 15.96036017
2011 128 03 58 22.00 1304827102.000 28.676 146.02890358 15.96036615
2011 128 03 58 23.00 1304827103.000 28.520 146.02896502 15.96037083
2011 128 03 58 24.00 1304827104.000 28.400 146.02902222 15.96036872
2011 128 03 58 25.00 1304827105.000 28.757 146.02907250 15.96036467
2011 128 03 58 26.00 1304827106.000 29.260 146.02912317 15.96036432
2011 128 03 58 27.00 1304827107.000 29.215 146.02918118 15.96036875
2011 128 03 58 28.00 1304827108.000 28.481 146.02924398 15.96037475
2011 128 03 58 29.00 1304827109.000 27.704 146.02930207 15.96037773
2011 128 03 58 30.00 1304827110.000 27.703 146.02935147 15.96037785
2011 128 03 58 31.00 1304827111.000 28.451 146.02939927 15.96037730
2011 128 03 58 32.00 1304827112.000 29.103 146.02945422 15.96037760
2011 128 03 58 33.00 1304827113.000 29.106 146.02951418 15.96037848
2011 128 03 58 34.00 1304827114.000 28.649 146.02957280 15.96038033
2011 128 03 58 35.00 1304827115.000 28.314 146.02962693 15.96038338
2011 128 03 58 36.00 1304827116.000 28.352 146.02967795 15.96038488
2011 128 03 58 37.00 1304827117.000 28.639 146.02972975 15.96038372
2011 128 03 58 38.00 1304827118.000 28.828 146.02978305 15.96038225
2011 128 03 58 39.00 1304827119.000 28.792 146.02983705 15.96038200
2011 128 03 58 40.00 1304827120.000 28.656 146.02989278 15.96038318
2011 128 03 58 41.00 1304827121.000 28.501 146.02995078 15.96038665
2011 128 03 58 42.00 1304827122.000 28.254 146.03000622 15.96039065
2011 128 03 58 43.00 1304827123.000 28.178 146.03005605 15.96039145
2011 128 03 58 44.00 1304827124.000 28.416 146.03010542 15.96038915
2011 128 03 58 45.00 1304827125.000 28.820 146.03015788 15.96038482
2011 128 03 58 46.00 1304827126.000 29.046 146.03021298 15.96038227
2011 128 03 58 47.00 1304827127.000 28.914 146.03026912 15.96038390
2011 128 03 58 48.00 1304827128.000 28.464 146.03032578 15.96038528
2011 128 03 58 49.00 1304827129.000 28.175 146.03037932 15.96038430
2011 128 03 58 50.00 1304827130.000 28.373 146.03042820 15.96038300
2011 128 03 58 51.00 1304827131.000 28.860 146.03047492 15.96038417
2011 128 03 58 52.00 1304827132.000 29.252 146.03052648 15.96038632
2011 128 03 58 53.00 1304827133.000 28.979 146.03058558 15.96038670
2011 128 03 58 54.00 1304827134.000 28.183 146.03064463 15.96038607
2011 128 03 58 55.00 1304827135.000 27.716 146.03069513 15.96038533
2011 128 03 58 56.00 1304827136.000 28.135 146.03073957 15.96038413
2011 128 03 58 57.00 1304827137.000 28.941 146.03078713 15.96038285
2011 128 03 58 58.00 1304827138.000 29.344 146.03084123 15.96038157
2011 128 03 58 59.00 1304827139.000 29.067 146.03089767 15.96038022
2011 128 03 59 00.00 1304827140.000 28.579 146.03095168 15.96037947
2011 128 03 59 01.00 1304827141.000 28.307 146.03100152 15.96038045
2011 128 03 59 02.00 1304827142.000 28.312 146.03104997 15.96038327
2011 128 03 59 03.00 1304827143.000 28.465 146.03110060 15.96038562
2011 128 03 59 04.00 1304827144.000 28.661 146.03115262 15.96038592
2011 128 03 59 05.00 1304827145.000 28.872 146.03120460 15.96038417
2011 128 03 59 06.00 1304827146.000 28.931 146.03125567 15.96038227
2011 128 03 59 07.00 1304827147.000 28.830 146.03130643 15.96038218
2011 128 03 59 08.00 1304827148.000 28.638 146.03135750 15.96038323
2011 128 03 59 09.00 1304827149.000 28.479 146.03140942 15.96038427
2011 128 03 59 10.00 1304827150.000 28.356 146.03146158 15.96038380
2011 128 03 59 11.00 1304827151.000 28.271 146.03151182 15.96038212
2011 128 03 59 12.00 1304827152.000 28.429 146.03156060 15.96037990
2011 128 03 59 13.00 1304827153.000 28.692 146.03160913 15.96037850
2011 128 03 59 14.00 1304827154.000 28.942 146.03165885 15.96037893
2011 128 03 59 15.00 1304827155.000 28.932 146.03171133 15.96038117
2011 128 03 59 16.00 1304827156.000 28.614 146.03176510 15.96038435
2011 128 03 59 17.00 1304827157.000 28.384 146.03181657 15.96038683
2011 128 03 59 18.00 1304827158.000 28.390 146.03186415 15.96038638
2011 128 03 59 19.00 1304827159.000 28.631 146.03191043 15.96038493
2011 128 03 59 20.00 1304827160.000 28.780 146.03195923 15.96038420
2011 128 03 59 21.00 1304827161.000 28.690 146.03201212 15.96038393
2011 128 03 59 22.00 1304827162.000 28.453 146.03206550 15.96038237
2011 128 03 59 23.00 1304827163.000 28.400 146.03211518 15.96037972
2011 128 03 59 24.00 1304827164.000 28.562 146.03216193 15.96037928
2011 128 03 59 25.00 1304827165.000 28.659 146.03220948 15.96038168
2011 128 03 59 26.00 1304827166.000 28.606 146.03226003 15.96038467
2011 128 03 59 27.00 1304827167.000 28.456 146.03231140 15.96038698
2011 128 03 59 28.00 1304827168.000 28.494 146.03236055 15.96038767
2011 128 03 59 29.00 1304827169.000 28.777 146.03240660 15.96038602
2011 128 03 59 30.00 1304827170.000 29.028 146.03245363 15.96038428
2011 128 03 59 31.00 1304827171.000 28.919 146.03250460 15.96038568
2011 128 03 59 32.00 1304827172.000 28.454 146.03255737 15.96038850
2011 128 03 59 33.00 1304827173.000 28.115 146.03260672 15.96038823
2011 128 03 59 34.00 1304827174.000 28.296 146.03265107 15.96038402
2011 128 03 59 35.00 1304827175.000 28.762 146.03269427 15.96038117
2011 128 03 59 36.00 1304827176.000 29.113 146.03274032 15.96038343
2011 128 03 59 37.00 1304827177.000 29.030 146.03278945 15.96038840
2011 128 03 59 38.00 1304827178.000 28.550 146.03284035 15.96039138
2011 128 03 59 39.00 1304827179.000 28.084 146.03289002 15.96039123
2011 128 03 59 40.00 1304827180.000 27.994 146.03293445 15.96038913
2011 128 03 59 41.00 1304827181.000 28.376 146.03297403 15.96038488
2011 128 03 59 42.00 1304827182.000 28.930 146.03301457 15.96037920
2011 128 03 59 43.00 1304827183.000 29.165 146.03306098 15.96037322
2011 128 03 59 44.00 1304827184.000 28.870 146.03311028 15.96036693
2011 128 03 59 45.00 1304827185.000 28.482 146.03315668 15.96036063
2011 128 03 59 46.00 1304827186.000 28.521 146.03319822 15.96035492
2011 128 03 59 47.00 1304827187.000 28.855 146.03323670 15.96035048
2011 128 03 59 48.00 1304827188.000 28.979 146.03327750 15.96034582
2011 128 03 59 49.00 1304827189.000 28.576 146.03332313 15.96033742
2011 128 03 59 50.00 1304827190.000 27.987 146.03336882 15.96032540
2011 128 03 59 51.00 1304827191.000 27.876 146.03340817 15.96031273
2011 128 03 59 52.00 1304827192.000 28.361 146.03344187 15.96030345
2011 128 03 59 53.00 1304827193.000 29.029 146.03347610 15.96029367
2011 128 03 59 54.00 1304827194.000 29.208 146.03351545 15.96027645
2011 128 03 59 55.00 1304827195.000 28.740 146.03355832 15.96025567
2011 128 03 59 56.00 1304827196.000 28.217 146.03359803 15.96023987
2011 128 03 59 57.00 1304827197.000 28.354 146.03362955 15.96022703
2011 128 03 59 58.00 1304827198.000 29.099 146.03365635 15.96021282
2011 128 03 59 59.00 1304827199.000 29.552 146.03368777 15.96019663
2011 128 04 00 00.00 1304827200.000 29.067 146.03372688 15.96017800
2011 128 04 00 01.00 1304827201.000 28.099 146.03376705 15.96015733
2011 128 04 00 02.00 1304827202.000 27.560 146.03380003 15.96013408
2011 128 04 00 03.00 1304827203.000 27.904 146.03382625 15.96011113
2011 128 04 00 04.00 1304827204.000 28.721 146.03385032 15.96009197
2011 128 04 00 05.00 1304827205.000 29.376 146.03387538 15.96007382
2011 128 04 00 06.00 1304827206.000 29.458 146.03390265 15.96005085
2011 128 04 00 07.00 1304827207.000 28.941 146.03393173 15.96002220
2011 128 04 00 08.00 1304827208.000 28.156 146.03396083 15.95999197
2011 128 04 00 09.00 1304827209.000 27.757 146.03398692 15.95996412
2011 128 04 00 10.00 1304827210.000 28.093 146.03401105 15.95994243
2011 128 04 00 11.00 1304827211.000 28.829 146.03403438 15.95992377
2011 128 04 00 12.00 1304827212.000 29.476 146.03405722 15.95990088
2011 128 04 00 13.00 1304827213.000 29.652 146.03407895 15.95987117
2011 128 04 00 14.00 1304827214.000 29.207 146.03409975 15.95983713
2011 128 04 00 15.00 1304827215.000 28.460 146.03411945 15.95980392
2011 128 04 00 16.00 1304827216.000 27.865 146.03413933 15.95977650
2011 128 04 00 17.00 1304827217.000 27.787 146.03415942 15.95975340
2011 128 04 00 18.00 1304827218.000 28.083 146.03417763 15.95972728
2011 128 04 00 19.00 1304827219.000 28.595 146.03419272 15.95969648
2011 128 04 00 20.00 1304827220.000 29.085 146.03420487 15.95966452
2011 128 04 00 21.00 1304827221.000 29.312 146.03421645 15.95963400
2011 128 04 00 22.00 1304827222.000 29.148 146.03422933 15.95960252
2011 128 04 00 23.00 1304827223.000 28.645 146.03424530 15.95956927
2011 128 04 00 24.00 1304827224.000 28.232 146.03426123 15.95953723
2011 128 04 00 25.00 1304827225.000 28.302 146.03427363 15.95950700
2011 128 04 00 26.00 1304827226.000 28.639 146.03428170 15.95947598
2011 128 04 00 27.00 1304827227.000 28.862 146.03428942 15.95944255
2011 128 04 00 28.00 1304827228.000 28.796 146.03429635 15.95940688
2011 128 04 00 29.00 1304827229.000 28.631 146.03430253 15.95937122
2011 128 04 00 30.00 1304827230.000 28.602 146.03430918 15.95933787
2011 128 04 00 31.00 1304827231.000 28.831 146.03431380 15.95930580
2011 128 04 00 32.00 1304827232.000 29.088 146.03431548 15.95927265
2011 128 04 00 33.00 1304827233.000 28.945 146.03431820 15.95923767
2011 128 04 00 34.00 1304827234.000 28.414 146.03432500 15.95920183
2011 128 04 00 35.00 1304827235.000 27.946 146.03433393 15.95916610
2011 128 04 00 36.00 1304827236.000 28.027 146.03433918 15.95913098
2011 128 04 00 37.00 1304827237.000 28.598 146.03433687 15.95909625
2011 128 04 00 38.00 1304827238.000 29.205 146.03433050 15.95906177
2011 128 04 00 39.00 1304827239.000 29.365 146.03432733 15.95902810
2011 128 04 00 40.00 1304827240.000 28.990 146.03432920 15.95899320
2011 128 04 00 41.00 1304827241.000 28.523 146.03432958 15.95895503
2011 128 04 00 42.00 1304827242.000 28.259 146.03432492 15.95891562
2011 128 04 00 43.00 1304827243.000 28.313 146.03431847 15.95887765
2011 128 04 00 44.00 1304827244.000 28.540 146.03431397 15.95884242
2011 128 04 00 45.00 1304827245.000 28.807 146.03431293 15.95880913
2011 128 04 00 46.00 1304827246.000 29.054 146.03431180 15.95877497
2011 128 04 00 47.00 1304827247.000 29.108 146.03430600 15.95873697
2011 128 04 00 48.00 1304827248.000 28.873 146.03429497 15.95869593
2011 128 04 00 49.00 1304827249.000 28.455 146.03428392 15.95865658
2011 128 04 00 50.00 1304827250.000 28.246 146.03427663 15.95862165
2011 128 04 00 51.00 1304827251.000 28.380 146.03427018 15.95858847
2011 128 04 00 52.00 1304827252.000 28.622 146.03426297 15.95855335
2011 128 04 00 53.00 1304827253.000 28.764 146.03425315 15.95851562
2011 128 04 00 54.00 1304827254.000 28.683 146.03424108 15.95847625
2011 128 04 00 55.00 1304827255.000 28.517 146.03422955 15.95843705
2011 128 04 00 56.00 1304827256.000 28.517 146.03422017 15.95839997
2011 128 04 00 57.00 1304827257.000 28.724 146.03421218 15.95836513
2011 128 04 00 58.00 1304827258.000 29.043 146.03420340 15.95833070
2011 128 04 00 59.00 1304827259.000 29.074 146.03419307 15.95829468
2011 128 04 01 00.00 1304827260.000 28.671 146.03418212 15.95825597
2011 128 04 01 01.00 1304827261.000 28.110 146.03416892 15.95821663
2011 128 04 01 02.00 1304827262.000 28.064 146.03414842 15.95818215
2011 128 04 01 03.00 1304827263.000 28.621 146.03412283 15.95815320
2011 128 04 01 04.00 1304827264.000 29.236 146.03409938 15.95812522
2011 128 04 01 05.00 1304827265.000 29.310 146.03408518 15.95809353
2011 128 04 01 06.00 1304827266.000 28.791 146.03407770 15.95805607
2011 128 04 01 07.00 1304827267.000 28.299 146.03406670 15.95801690
2011 128 04 01 08.00 1304827268.000 28.185 146.03404793 15.95798078
2011 128 04 01 09.00 1304827269.000 28.373 146.03402478 15.95794885
2011 128 04 01 10.00 1304827270.000 28.498 146.03400123 15.95791982
2011 128 04 01 11.00 1304827271.000 28.495 146.03397712 15.95789187
2011 128 04 01 12.00 1304827272.000 28.504 146.03395113 15.95786388
2011 128 04 01 13.00 1304827273.000 28.627 146.03392463 15.95783575
2011 128 04 01 14.00 1304827274.000 28.852 146.03389917 15.95780727
2011 128 04 01 15.00 1304827275.000 29.054 146.03387535 15.95777742
2011 128 04 01 16.00 1304827276.000 29.086 146.03385238 15.95774565
2011 128 04 01 17.00 1304827277.000 28.869 146.03382857 15.95771273
2011 128 04 01 18.00 1304827278.000 28.569 146.03380350 15.95767950
2011 128 04 01 19.00 1304827279.000 28.293 146.03377717 15.95764863
2011 128 04 01 20.00 1304827280.000 28.330 146.03374665 15.95762245
2011 128 04 01 21.00 1304827281.000 28.578 146.03371272 15.95760033
2011 128 04 01 22.00 1304827282.000 28.791 146.03367947 15.95757817
2011 128 04 01 23.00 1304827283.000 28.865 146.03364885 15.95755362
2011 128 04 01 24.00 1304827284.000 28.743 146.03362123 15.95752592
2011 128 04 01 25.00 1304827285.000 28.607 146.03359522 15.95749557
2011 128 04 01 26.00 1304827286.000 28.539 146.03356798 15.95746428
2011 128 04 01 27.00 1304827287.000 28.540 146.03353720 15.95743475
2011 128 04 01 28.00 1304827288.000 28.626 146.03350372 15.95740820
2011 128 04 01 29.00 1304827289.000 28.728 146.03347027 15.95738473
2011 128 04 01 30.00 1304827290.000 28.796 146.03343822 15.95736160
2011 128 04 01 31.00 1304827291.000 28.741 146.03340603 15.95733687
2011 128 04 01 32.00 1304827292.000 28.614 146.03337180 15.95731175
2011 128 04 01 33.00 1304827293.000 28.538 146.03333705 15.95728770
2011 128 04 01 34.00 1304827294.000 28.614 146.03330262 15.95726493
2011 128 04 01 35.00 1304827295.000 28.653 146.03326877 15.95724160
2011 128 04 01 36.00 1304827296.000 28.607 146.03323477 15.95721693
2011 128 04 01 37.00 1304827297.000 28.551 146.03319963 15.95719300
2011 128 04 01 38.00 1304827298.000 28.661 146.03316255 15.95717097
2011 128 04 01 39.00 1304827299.000 28.770 146.03312543 15.95714968
2011 128 04 01 40.00 1304827300.000 28.810 146.03309010 15.95712757
2011 128 04 01 41.00 1304827301.000 28.671 146.03305615 15.95710328
2011 128 04 01 42.00 1304827302.000 28.504 146.03301998 15.95707932
2011 128 04 01 43.00 1304827303.000 28.379 146.03298108 15.95705875
2011 128 04 01 44.00 1304827304.000 28.347 146.03294017 15.95704223
2011 128 04 01 45.00 1304827305.000 28.445 146.03289935 15.95702828
2011 128 04 01 46.00 1304827306.000 28.645 146.03285965 15.95701415
2011 128 04 01 47.00 1304827307.000 28.739 146.03282070 15.95699747
2011 128 04 01 48.00 1304827308.000 28.671 146.03278243 15.95697702
2011 128 04 01 49.00 1304827309.000 28.483 146.03274513 15.95695368
2011 128 04 01 50.00 1304827310.000 28.324 146.03270697 15.95693147
2011 128 04 01 51.00 1304827311.000 28.372 146.03266707 15.95691355
2011 128 04 01 52.00 1304827312.000 28.581 146.03262622 15.95689833
2011 128 04 01 53.00 1304827313.000 28.715 146.03258593 15.95688362
2011 128 04 01 54.00 1304827314.000 28.795 146.03254605 15.95686933
2011 128 04 01 55.00 1304827315.000 28.746 146.03250515 15.95685540
2011 128 04 01 56.00 1304827316.000 28.633 146.03246382 15.95684123
2011 128 04 01 57.00 1304827317.000 28.523 146.03242223 15.95682703
2011 128 04 01 58.00 1304827318.000 28.495 146.03238020 15.95681390
2011 128 04 01 59.00 1304827319.000 28.576 146.03233778 15.95680217
2011 128 04 02 00.00 1304827320.000 28.667 146.03229565 15.95679008
2011 128 04 02 01.00 1304827321.000 28.722 146.03225397 15.95677760
2011 128 04 02 02.00 1304827322.000 28.706 146.03221270 15.95676528
2011 128 04 02 03.00 1304827323.000 28.627 146.03217075 15.95675492
2011 128 04 02 04.00 1304827324.000 28.531 146.03212818 15.95674742
2011 128 04 02 05.00 1304827325.000 28.422 146.03208515 15.95674208
2011 128 04 02 06.00 1304827326.000 28.361 146.03204218 15.95673650
2011 128 04 02 07.00 1304827327.000 28.425 146.03199912 15.95672935
2011 128 04 02 08.00 1304827328.000 28.530 146.03195548 15.95672155
2011 128 04 02 09.00 1304827329.000 28.629 146.03191200 15.95671502
2011 128 04 02 10.00 1304827330.000 28.759 146.03186917 15.95671053
2011 128 04 02 11.00 1304827331.000 28.893 146.03182642 15.95670740
2011 128 04 02 12.00 1304827332.000 28.970 146.03178210 15.95670422
2011 128 04 02 13.00 1304827333.000 28.958 146.03173622 15.95669997
2011 128 04 02 14.00 1304827334.000 28.774 146.03169077 15.95669448
2011 128 04 02 15.00 1304827335.000 28.483 146.03164688 15.95668910
2011 128 04 02 16.00 1304827336.000 28.250 146.03160330 15.95668532
2011 128 04 02 17.00 1304827337.000 28.233 146.03156013 15.95668355
2011 128 04 02 18.00 1304827338.000 28.415 146.03151638 15.95668283
2011 128 04 02 19.00 1304827339.000 28.621 146.03147197 15.95668198
2011 128 04 02 20.00 1304827340.000 28.721 146.03142655 15.95668065
2011 128 04 02 21.00 1304827341.000 28.686 146.03138135 15.95668012
2011 128 04 02 22.00 1304827342.000 28.681 146.03133698 15.95668127
2011 128 04 02 23.00 1304827343.000 28.717 146.03129302 15.95668433
2011 128 04 02 24.00 1304827344.000 28.726 146.03124838 15.95668715
2011 128 04 02 25.00 1304827345.000 28.710 146.03120217 15.95668773
2011 128 04 02 26.00 1304827346.000 28.610 146.03115445 15.95668685
2011 128 04 02 27.00 1304827347.000 28.492 146.03110772 15.95668722
2011 128 04 02 28.00 1304827348.000 28.504 146.03106260 15.95668918
2011 128 04 02 29.00 1304827349.000 28.558 146.03101848 15.95669178
2011 128 04 02 30.00 1304827350.000 28.604 146.03097367 15.95669460
2011 128 04 02 31.00 1304827351.000 28.592 146.03092792 15.95669772
2011 128 04 02 32.00 1304827352.000 28.495 146.03088158 15.95670205
2011 128 04 02 33.00 1304827353.000 28.360 146.03083535 15.95670777
2011 128 04 02 34.00 1304827354.000 28.423 146.03078957 15.95671302
2011 128 04 02 35.00 1304827355.000 28.639 146.03074377 15.95671745
2011 128 04 02 36.00 1304827356.000 28.922 146.03069733 15.95672228
2011 128 04 02 37.00 1304827357.000 28.972 146.03065015 15.95672790
2011 128 04 02 38.00 1304827358.000 28.873 146.03060200 15.95673332
2011 128 04 02 39.00 1304827359.000 28.738 146.03055407 15.95673952
2011 128 04 02 40.00 1304827360.000 28.669 146.03050680 15.95674558
2011 128 04 02 41.00 1304827361.000 28.646 146.03045978 15.95675060
2011 128 04 02 42.00 1304827362.000 28.628 146.03041247 15.95675438
2011 128 04 02 43.00 1304827363.000 28.482 146.03036488 15.95675838
2011 128 04 02 44.00 1304827364.000 28.278 146.03031757 15.95676473
2011 128 04 02 45.00 1304827365.000 28.213 146.03027115 15.95677422
2011 128 04 02 46.00 1304827366.000 28.308 146.03022532 15.95678547
2011 128 04 02 47.00 1304827367.000 28.487 146.03017875 15.95679570
2011 128 04 02 48.00 1304827368.000 28.622 146.03013065 15.95680363
2011 128 04 02 49.00 1304827369.000 28.705 146.03008142 15.95680938
2011 128 04 02 50.00 1304827370.000 28.806 146.03003133 15.95681365
2011 128 04 02 51.00 1304827371.000 28.981 146.02998030 15.95681805
2011 128 04 02 52.00 1304827372.000 29.135 146.02992882 15.95682268
2011 128 04 02 53.00 1304827373.000 29.159 146.02987775 15.95682808
2011 128 04 02 54.00 1304827374.000 28.925 146.02982798 15.95683628
2011 128 04 02 55.00 1304827375.000 28.539 146.02977973 15.95684823
2011 128 04 02 56.00 1304827376.000 28.257 146.02973202 15.95686145
2011 128 04 02 57.00 1304827377.000 28.108 146.02968377 15.95687273
2011 128 04 02 58.00 1304827378.000 28.123 146.02963390 15.95688052
2011 128 04 02 59.00 1304827379.000 28.231 146.02958283 15.95688548
2011 128 04 03 00.00 1304827380.000 28.398 146.02953212 15.95688803
2011 128 04 03 01.00 1304827381.000 28.682 146.02948162 15.95689020
2011 128 04 03 02.00 1304827382.000 28.945 146.02943082 15.95689263
2011 128 04 03 03.00 1304827383.000 29.071 146.02937927 15.95689723
2011 128 04 03 04.00 1304827384.000 29.049 146.02932710 15.95690475
2011 128 04 03 05.00 1304827385.000 28.917 146.02927468 15.95691477
2011 128 04 03 06.00 1304827386.000 28.692 146.02922193 15.95692575
2011 128 04 03 07.00 1304827387.000 28.463 146.02916920 15.95693687
2011 128 04 03 08.00 1304827388.000 28.243 146.02911700 15.95694588
2011 128 04 03 09.00 1304827389.000 28.194 146.02906495 15.95695143
2011 128 04 03 10.00 1304827390.000 28.327 146.02901237 15.95695325
2011 128 04 03 11.00 1304827391.000 28.534 146.02895987 15.95695362
2011 128 04 03 12.00 1304827392.000 28.739 146.02890865 15.95695418
2011 128 04 03 13.00 1304827393.000 28.863 146.02885793 15.95695663
2011 128 04 03 14.00 1304827394.000 28.875 146.02880637 15.95696047
2011 128 04 03 15.00 1304827395.000 28.757 146.02875325 15.95696613
2011 128 04 03 16.00 1304827396.000 28.486 146.02869893 15.95697362
2011 128 04 03 17.00 1304827397.000 28.244 146.02864467 15.95698087
2011 128 04 03 18.00 1304827398.000 28.208 146.02859057 15.95698608
2011 128 04 03 19.00 1304827399.000 28.418 146.02853682 15.95698932
2011 128 04 03 20.00 1304827400.000 28.765 146.02848278 15.95699037
2011 128 04 03 21.00 1304827401.000 28.990 146.02842812 15.95699120
2011 128 04 03 22.00 1304827402.000 28.957 146.02837303 15.95699348
2011 128 04 03 23.00 1304827403.000 28.750 146.02831817 15.95699640
2011 128 04 03 24.00 1304827404.000 28.518 146.02826385 15.95699800
2011 128 04 03 25.00 1304827405.000 28.389 146.02821020 15.95699870
2011 128 04 03 26.00 1304827406.000 28.357 146.02815752 15.95700017
2011 128 04 03 27.00 1304827407.000 28.423 146.02810475 15.95700282
2011 128 04 03 28.00 1304827408.000 28.471 146.02805098 15.95700505
2011 128 04 03 29.00 1304827409.000 28.459 146.02799663 15.95700635
2011 128 04 03 30.00 1304827410.000 28.461 146.02794243 15.95700730
2011 128 04 03 31.00 1304827411.000 28.528 146.02788837 15.95700833
2011 128 04 03 32.00 1304827412.000 28.657 146.02783330 15.95700985
2011 128 04 03 33.00 1304827413.000 28.727 146.02777660 15.95701157
2011 128 04 03 34.00 1304827414.000 28.786 146.02771945 15.95701402
2011 128 04 03 35.00 1304827415.000 28.795 146.02766285 15.95701682
2011 128 04 03 36.00 1304827416.000 28.751 146.02760685 15.95701882
2011 128 04 03 37.00 1304827417.000 28.717 146.02755147 15.95701845
2011 128 04 03 38.00 1304827418.000 28.711 146.02749617 15.95701522
2011 128 04 03 39.00 1304827419.000 28.688 146.02744047 15.95701047
2011 128 04 03 40.00 1304827420.000 28.524 146.02738483 15.95700758
2011 128 04 03 41.00 1304827421.000 28.335 146.02733035 15.95700763
2011 128 04 03 42.00 1304827422.000 28.218 146.02727670 15.95701018
2011 128 04 03 43.00 1304827423.000 28.191 146.02722320 15.95701312
2011 128 04 03 44.00 1304827424.000 28.277 146.02716943 15.95701443
2011 128 04 03 45.00 1304827425.000 28.355 146.02711430 15.95701328
2011 128 04 03 46.00 1304827426.000 28.445 146.02705757 15.95701092
2011 128 04 03 47.00 1304827427.000 28.590 146.02699973 15.95700837
2011 128 04 03 48.00 1304827428.000 28.826 146.02694243 15.95700602
2011 128 04 03 49.00 1304827429.000 29.062 146.02688595 15.95700377
2011 128 04 03 50.00 1304827430.000 29.196 146.02682988 15.95700153
2011 128 04 03 51.00 1304827431.000 29.014 146.02677315 15.95699895
2011 128 04 03 52.00 1304827432.000 28.629 146.02671533 15.95699552
2011 128 04 03 53.00 1304827433.000 28.346 146.02665790 15.95699212
2011 128 04 03 54.00 1304827434.000 28.283 146.02660218 15.95699025
2011 128 04 03 55.00 1304827435.000 28.345 146.02654788 15.95698950
2011 128 04 03 56.00 1304827436.000 28.323 146.02649373 15.95698768
2011 128 04 03 57.00 1304827437.000 28.217 146.02643882 15.95698367
2011 128 04 03 58.00 1304827438.000 28.202 146.02638290 15.95697828
2011 128 04 03 59.00 1304827439.000 28.331 146.02632678 15.95697345
2011 128 04 04 00.00 1304827440.000 28.548 146.02627082 15.95696877
2011 128 04 04 01.00 1304827441.000 28.776 146.02621527 15.95696367
2011 128 04 04 02.00 1304827442.000 28.852 146.02615928 15.95695832
2011 128 04 04 03.00 1304827443.000 28.836 146.02610220 15.95695555
2011 128 04 04 04.00 1304827444.000 28.786 146.02604413 15.95695538
2011 128 04 04 05.00 1304827445.000 28.769 146.02598605 15.95695583
2011 128 04 04 06.00 1304827446.000 28.721 146.02592850 15.95695402
2011 128 04 04 07.00 1304827447.000 28.648 146.02587143 15.95695027
2011 128 04 04 08.00 1304827448.000 28.439 146.02581483 15.95694527
2011 128 04 04 09.00 1304827449.000 28.271 146.02575893 15.95693908
2011 128 04 04 10.00 1304827450.000 28.246 146.02570353 15.95693147
2011 128 04 04 11.00 1304827451.000 28.380 146.02564828 15.95692398
2011 128 04 04 12.00 1304827452.000 28.518 146.02559200 15.95691820
2011 128 04 04 13.00 1304827453.000 28.554 146.02553495 15.95691455
2011 128 04 04 14.00 1304827454.000 28.508 146.02547813 15.95691172
2011 128 04 04 15.00 1304827455.000 28.541 146.02542210 15.95691023
2011 128 04 04 16.00 1304827456.000 28.604 146.02536655 15.95691007
2011 128 04 04 17.00 1304827457.000 28.678 146.02531013 15.95690940
2011 128 04 04 18.00 1304827458.000 28.732 146.02525225 15.95690710
2011 128 04 04 19.00 1304827459.000 28.709 146.02519340 15.95690325
2011 128 04 04 20.00 1304827460.000 28.682 146.02513465 15.95689918
2011 128 04 04 21.00 1304827461.000 28.632 146.02507703 15.95689500
2011 128 04 04 22.00 1304827462.000 28.615 146.02502108 15.95689012
2011 128 04 04 23.00 1304827463.000 28.676 146.02496545 15.95688415
2011 128 04 04 24.00 1304827464.000 28.666 146.02490865 15.95687682
2011 128 04 04 25.00 1304827465.000 28.539 146.02485090 15.95686947
2011 128 04 04 26.00 1304827466.000 28.370 146.02479320 15.95686422
2011 128 04 04 27.00 1304827467.000 28.260 146.02473610 15.95686215
2011 128 04 04 28.00 1304827468.000 28.303 146.02467968 15.95686247
2011 128 04 04 29.00 1304827469.000 28.498 146.02462413 15.95686283
2011 128 04 04 30.00 1304827470.000 28.712 146.02456843 15.95686152
2011 128 04 04 31.00 1304827471.000 28.722 146.02451195 15.95685753
2011 128 04 04 32.00 1304827472.000 28.575 146.02445437 15.95685132
2011 128 04 04 33.00 1304827473.000 28.395 146.02439657 15.95684478
2011 128 04 04 34.00 1304827474.000 28.422 146.02433895 15.95683937
2011 128 04 04 35.00 1304827475.000 28.567 146.02428115 15.95683538
2011 128 04 04 36.00 1304827476.000 28.705 146.02422338 15.95683235
2011 128 04 04 37.00 1304827477.000 28.751 146.02416572 15.95683015
2011 128 04 04 38.00 1304827478.000 28.729 146.02410817 15.95682782
2011 128 04 04 39.00 1304827479.000 28.744 146.02404992 15.95682463
2011 128 04 04 40.00 1304827480.000 28.711 146.02399037 15.95682018
2011 128 04 04 41.00 1304827481.000 28.614 146.02393112 15.95681478
2011 128 04 04 42.00 1304827482.000 28.504 146.02387380 15.95680988
2011 128 04 04 43.00 1304827483.000 28.395 146.02381843 15.95680612
2011 128 04 04 44.00 1304827484.000 28.350 146.02376307 15.95680383
2011 128 04 04 45.00 1304827485.000 28.334 146.02370593 15.95680160
2011 128 04 04 46.00 1304827486.000 28.291 146.02364725 15.95679868
2011 128 04 04 47.00 1304827487.000 28.329 146.02358888 15.95679588
2011 128 04 04 48.00 1304827488.000 28.485 146.02353208 15.95679348
2011 128 04 04 49.00 1304827489.000 28.666 146.02347575 15.95679152
2011 128 04 04 50.00 1304827490.000 28.826 146.02341835 15.95678953
2011 128 04 04 51.00 1304827491.000 28.848 146.02335947 15.95678630
2011 128 04 04 52.00 1304827492.000 28.759 146.02329972 15.95678193
2011 128 04 04 53.00 1304827493.000 28.691 146.02323987 15.95677745
2011 128 04 04 54.00 1304827494.000 28.726 146.02318102 15.95677327
2011 128 04 04 55.00 1304827495.000 28.766 146.02312338 15.95676965
2011 128 04 04 56.00 1304827496.000 28.690 146.02306617 15.95676702
2011 128 04 04 57.00 1304827497.000 28.481 146.02300877 15.95676632
2011 128 04 04 58.00 1304827498.000 28.235 146.02295078 15.95676677
2011 128 04 04 59.00 1304827499.000 28.112 146.02289305 15.95676840
2011 128 04 05 00.00 1304827500.000 28.238 146.02283605 15.95676890
2011 128 04 05 01.00 1304827501.000 28.452 146.02277938 15.95676728
2011 128 04 05 02.00 1304827502.000 28.651 146.02272197 15.95676567
2011 128 04 05 03.00 1304827503.000 28.740 146.02266363 15.95676520
2011 128 04 05 04.00 1304827504.000 28.778 146.02260517 15.95676682
2011 128 04 05 05.00 1304827505.000 28.774 146.02254668 15.95676833
2011 128 04 05 06.00 1304827506.000 28.752 146.02248797 15.95676763
2011 128 04 05 07.00 1304827507.000 28.650 146.02242923 15.95676470
2011 128 04 05 08.00 1304827508.000 28.559 146.02237010 15.95676207
2011 128 04 05 09.00 1304827509.000 28.539 146.02231132 15.95676152
2011 128 04 05 10.00 1304827510.000 28.578 146.02225358 15.95676352
2011 128 04 05 11.00 1304827511.000 28.585 146.02219620 15.95676648
2011 128 04 05 12.00 1304827512.000 28.539 146.02213863 15.95676877
2011 128 04 05 13.00 1304827513.000 28.456 146.02208157 15.95676953
2011 128 04 05 14.00 1304827514.000 28.424 146.02202515 15.95677012
2011 128 04 05 15.00 1304827515.000 28.402 146.02196853 15.95677090
2011 128 04 05 16.00 1304827516.000 28.390 146.02191055 15.95677218
2011 128 04 05 17.00 1304827517.000 28.376 146.02185188 15.95677367
2011 128 04 05 18.00 1304827518.000 28.465 146.02179417 15.95677527
2011 128 04 05 19.00 1304827519.000 28.739 146.02173727 15.95677717
2011 128 04 05 20.00 1304827520.000 28.977 146.02167990 15.95677872
2011 128 04 05 21.00 1304827521.000 29.010 146.02162108 15.95677993
2011 128 04 05 22.00 1304827522.000 28.833 146.02156120 15.95678052
2011 128 04 05 23.00 1304827523.000 28.607 146.02150150 15.95678157
2011 128 04 05 24.00 1304827524.000 28.496 146.02144343 15.95678428
2011 128 04 05 25.00 1304827525.000 28.520 146.02138625 15.95678820
2011 128 04 05 26.00 1304827526.000 28.579 146.02132922 15.95679263
2011 128 04 05 27.00 1304827527.000 28.514 146.02127183 15.95679738
2011 128 04 05 28.00 1304827528.000 28.405 146.02121443 15.95680142
2011 128 04 05 29.00 1304827529.000 28.342 146.02115745 15.95680407
2011 128 04 05 30.00 1304827530.000 28.367 146.02110048 15.95680530
2011 128 04 05 31.00 1304827531.000 28.466 146.02104235 15.95680588
2011 128 04 05 32.00 1304827532.000 28.579 146.02098390 15.95680685
2011 128 04 05 33.00 1304827533.000 28.679 146.02092662 15.95680892
2011 128 04 05 34.00 1304827534.000 28.776 146.02087033 15.95681287
2011 128 04 05 35.00 1304827535.000 28.764 146.02081362 15.95681797
2011 128 04 05 36.00 1304827536.000 28.694 146.02075552 15.95682365
2011 128 04 05 37.00 1304827537.000 28.548 146.02069638 15.95682955
2011 128 04 05 38.00 1304827538.000 28.464 146.02063733 15.95683460
2011 128 04 05 39.00 1304827539.000 28.455 146.02057915 15.95683797
2011 128 04 05 40.00 1304827540.000 28.458 146.02052177 15.95683990
2011 128 04 05 41.00 1304827541.000 28.547 146.02046388 15.95684032
2011 128 04 05 42.00 1304827542.000 28.609 146.02040540 15.95684043
2011 128 04 05 43.00 1304827543.000 28.681 146.02034730 15.95684258
2011 128 04 05 44.00 1304827544.000 28.702 146.02029037 15.95684732
2011 128 04 05 45.00 1304827545.000 28.586 146.02023337 15.95685362
2011 128 04 05 46.00 1304827546.000 28.401 146.02017610 15.95685855
2011 128 04 05 47.00 1304827547.000 28.245 146.02011913 15.95686172
2011 128 04 05 48.00 1304827548.000 28.223 146.02006283 15.95686512
2011 128 04 05 49.00 1304827549.000 28.276 146.02000672 15.95686962
2011 128 04 05 50.00 1304827550.000 28.391 146.01994975 15.95687380
2011 128 04 05 51.00 1304827551.000 28.509 146.01989202 15.95687638
2011 128 04 05 52.00 1304827552.000 28.623 146.01983383 15.95687768
2011 128 04 05 53.00 1304827553.000 28.638 146.01977528 15.95687987
2011 128 04 05 54.00 1304827554.000 28.574 146.01971660 15.95688420
2011 128 04 05 55.00 1304827555.000 28.506 146.01965758 15.95688905
2011 128 04 05 56.00 1304827556.000 28.549 146.01959885 15.95689267
2011 128 04 05 57.00 1304827557.000 28.656 146.01954097 15.95689508
2011 128 04 05 58.00 1304827558.000 28.668 146.01948417 15.95689808
2011 128 04 05 59.00 1304827559.000 28.648 146.01942687 15.95690078
2011 128 04 06 00.00 1304827560.000 28.559 146.01936920 15.95690300
2011 128 04 06 01.00 1304827561.000 28.441 146.01931188 15.95690603
2011 128 04 06 02.00 1304827562.000 28.261 146.01925510 15.95691033
2011 128 04 06 03.00 1304827563.000 28.102 146.01919945 15.95691565
2011 128 04 06 04.00 1304827564.000 28.018 146.01914413 15.95692140
2011 128 04 06 05.00 1304827565.000 28.130 146.01908815 15.95692592
2011 128 04 06 06.00 1304827566.000 28.372 146.01903088 15.95692892
2011 128 04 06 07.00 1304827567.000 28.694 146.01897228 15.95693013
2011 128 04 06 08.00 1304827568.000 28.958 146.01891303 15.95692968
2011 128 04 06 09.00 1304827569.000 29.070 146.01885425 15.95692915
2011 128 04 06 10.00 1304827570.000 28.962 146.01879583 15.95693012
2011 128 04 06 11.00 1304827571.000 28.747 146.01873782 15.95693325
2011 128 04 06 12.00 1304827572.000 28.500 146.01867970 15.95693787
2011 128 04 06 13.00 1304827573.000 28.368 146.01862080 15.95694223
2011 128 04 06 14.00 1304827574.000 28.364 146.01856263 15.95694570
2011 128 04 06 15.00 1304827575.000 28.398 146.01850593 15.95695025
2011 128 04 06 16.00 1304827576.000 28.436 146.01845043 15.95695638
2011 128 04 06 17.00 1304827577.000 28.440 146.01839508 15.95696315
2011 128 04 06 18.00 1304827578.000 28.471 146.01833873 15.95696733
2011 128 04 06 19.00 1304827579.000 28.501 146.01828177 15.95696735
2011 128 04 06 20.00 1304827580.000 28.523 146.01822460 15.95696472
2011 128 04 06 21.00 1304827581.000 28.583 146.01816765 15.95696325
2011 128 04 06 22.00 1304827582.000 28.606 146.01811035 15.95696498
2011 128 04 06 23.00 1304827583.000 28.593 146.01805250 15.95696887
2011 128 04 06 24.00 1304827584.000 28.525 146.01799423 15.95697293
2011 128 04 06 25.00 1304827585.000 28.482 146.01793617 15.95697590
2011 128 04 06 26.00 1304827586.000 28.470 146.01787835 15.95697867
2011 128 04 06 27.00 1304827587.000 28.548 146.01782053 15.95698153
2011 128 04 06 28.00 1304827588.000 28.703 146.01776317 15.95698470
2011 128 04 06 29.00 1304827589.000 28.813 146.01770528 15.95698750
2011 128 04 06 30.00 1304827590.000 28.801 146.01764695 15.95698892
2011 128 04 06 31.00 1304827591.000 28.672 146.01758872 15.95698983
2011 128 04 06 32.00 1304827592.000 28.538 146.01753123 15.95699087
2011 128 04 06 33.00 1304827593.000 28.482 146.01747523 15.95699058
2011 128 04 06 34.00 1304827594.000 28.538 146.01741993 15.95698885
2011 128 04 06 35.00 1304827595.000 28.571 146.01736417 15.95698782
2011 128 04 06 36.00 1304827596.000 28.514 146.01730695 15.95698837
2011 128 04 06 37.00 1304827597.000 28.388 146.01724890 15.95699068
2011 128 04 06 38.00 1304827598.000 28.282 146.01719112 15.95699360
2011 128 04 06 39.00 1304827599.000 28.271 146.01713337 15.95699597
2011 128 04 06 40.00 1304827600.000 28.400 146.01707593 15.95699685
2011 128 04 06 41.00 1304827601.000 28.654 146.01701882 15.95699683
2011 128 04 06 42.00 1304827602.000 28.894 146.01696152 15.95699647
2011 128 04 06 43.00 1304827603.000 29.009 146.01690313 15.95699570
2011 128 04 06 44.00 1304827604.000 28.936 146.01684375 15.95699410
2011 128 04 06 45.00 1304827605.000 28.801 146.01678498 15.95699117
2011 128 04 06 46.00 1304827606.000 28.648 146.01672765 15.95698838
2011 128 04 06 47.00 1304827607.000 28.508 146.01667187 15.95698772
2011 128 04 06 48.00 1304827608.000 28.365 146.01661567 15.95698845
2011 128 04 06 49.00 1304827609.000 28.217 146.01655823 15.95698897
2011 128 04 06 50.00 1304827610.000 28.109 146.01650052 15.95698932
2011 128 04 06 51.00 1304827611.000 28.130 146.01644373 15.95699000
2011 128 04 06 52.00 1304827612.000 28.314 146.01638757 15.95698910
2011 128 04 06 53.00 1304827613.000 28.591 146.01633192 15.95698587
2011 128 04 06 54.00 1304827614.000 28.844 146.01627562 15.95698102
2011 128 04 06 55.00 1304827615.000 28.946 146.01621750 15.95697540
2011 128 04 06 56.00 1304827616.000 28.855 146.01615803 15.95696978
2011 128 04 06 57.00 1304827617.000 28.695 146.01609910 15.95696583
2011 128 04 06 58.00 1304827618.000 28.555 146.01604150 15.95696557
2011 128 04 06 59.00 1304827619.000 28.508 146.01598498 15.95696838
2011 128 04 07 00.00 1304827620.000 28.513 146.01592757 15.95696997
2011 128 04 07 01.00 1304827621.000 28.488 146.01586873 15.95696862
2011 128 04 07 02.00 1304827622.000 28.327 146.01580988 15.95696583
2011 128 04 07 03.00 1304827623.000 28.193 146.01575245 15.95696282
2011 128 04 07 04.00 1304827624.000 28.222 146.01569668 15.95695952
2011 128 04 07 05.00 1304827625.000 28.478 146.01564137 15.95695587
2011 128 04 07 06.00 1304827626.000 28.822 146.01558540 15.95695142
2011 128 04 07 07.00 1304827627.000 28.908 146.01552812 15.95694510
2011 128 04 07 08.00 1304827628.000 28.773 146.01547028 15.95693865
2011 128 04 07 09.00 1304827629.000 28.494 146.01541353 15.95693477
2011 128 04 07 10.00 1304827630.000 28.351 146.01535767 15.95693390
2011 128 04 07 11.00 1304827631.000 28.367 146.01530200 15.95693473
2011 128 04 07 12.00 1304827632.000 28.478 146.01524492 15.95693485
2011 128 04 07 13.00 1304827633.000 28.513 146.01518623 15.95693188
2011 128 04 07 14.00 1304827634.000 28.537 146.01512753 15.95692590
2011 128 04 07 15.00 1304827635.000 28.558 146.01506977 15.95691857
2011 128 04 07 16.00 1304827636.000 28.605 146.01501253 15.95691197
2011 128 04 07 17.00 1304827637.000 28.680 146.01495587 15.95690805
2011 128 04 07 18.00 1304827638.000 28.736 146.01489950 15.95690730
2011 128 04 07 19.00 1304827639.000 28.714 146.01484215 15.95690777
2011 128 04 07 20.00 1304827640.000 28.564 146.01478432 15.95690522
2011 128 04 07 21.00 1304827641.000 28.441 146.01472765 15.95689947
2011 128 04 07 22.00 1304827642.000 28.421 146.01467218 15.95689360
2011 128 04 07 23.00 1304827643.000 28.484 146.01461700 15.95688928
2011 128 04 07 24.00 1304827644.000 28.474 146.01456085 15.95688693
2011 128 04 07 25.00 1304827645.000 28.356 146.01450398 15.95688530
2011 128 04 07 26.00 1304827646.000 28.288 146.01444740 15.95688355
2011 128 04 07 27.00 1304827647.000 28.415 146.01439155 15.95688100
2011 128 04 07 28.00 1304827648.000 28.689 146.01433553 15.95687748
2011 128 04 07 29.00 1304827649.000 28.944 146.01427827 15.95687345
2011 128 04 07 30.00 1304827650.000 28.952 146.01422000 15.95686988
2011 128 04 07 31.00 1304827651.000 28.793 146.01416180 15.95686692
2011 128 04 07 32.00 1304827652.000 28.555 146.01410423 15.95686313
2011 128 04 07 33.00 1304827653.000 28.452 146.01404718 15.95685897
2011 128 04 07 34.00 1304827654.000 28.458 146.01399055 15.95685652
2011 128 04 07 35.00 1304827655.000 28.476 146.01393415 15.95685605
2011 128 04 07 36.00 1304827656.000 28.421 146.01387733 15.95685568
2011 128 04 07 37.00 1304827657.000 28.321 146.01382075 15.95685413
2011 128 04 07 38.00 1304827658.000 28.319 146.01376478 15.95685178
2011 128 04 07 39.00 1304827659.000 28.500 146.01371017 15.95684893
2011 128 04 07 40.00 1304827660.000 28.734 146.01365600 15.95684598
2011 128 04 07 41.00 1304827661.000 28.784 146.01360102 15.95684318
2011 128 04 07 42.00 1304827662.000 28.557 146.01354453 15.95684150
2011 128 04 07 43.00 1304827663.000 28.373 146.01348723 15.95684003
2011 128 04 07 44.00 1304827664.000 28.342 146.01342950 15.95683712
2011 128 04 07 45.00 1304827665.000 28.528 146.01337115 15.95683248
2011 128 04 07 46.00 1304827666.000 28.758 146.01331365 15.95682758
2011 128 04 07 47.00 1304827667.000 28.913 146.01325667 15.95682597
2011 128 04 07 48.00 1304827668.000 28.929 146.01319932 15.95682807
2011 128 04 07 49.00 1304827669.000 28.789 146.01314155 15.95683153
2011 128 04 07 50.00 1304827670.000 28.598 146.01308367 15.95683375
2011 128 04 07 51.00 1304827671.000 28.401 146.01302648 15.95683310
2011 128 04 07 52.00 1304827672.000 28.284 146.01297065 15.95682872
2011 128 04 07 53.00 1304827673.000 28.254 146.01291580 15.95682270
2011 128 04 07 54.00 1304827674.000 28.274 146.01286137 15.95681788
2011 128 04 07 55.00 1304827675.000 28.311 146.01280657 15.95681595
2011 128 04 07 56.00 1304827676.000 28.427 146.01275113 15.95681725
2011 128 04 07 57.00 1304827677.000 28.549 146.01269557 15.95681998
2011 128 04 07 58.00 1304827678.000 28.666 146.01263968 15.95682183
2011 128 04 07 59.00 1304827679.000 28.693 146.01258312 15.95682273
2011 128 04 08 00.00 1304827680.000 28.638 146.01252570 15.95682252
2011 128 04 08 01.00 1304827681.000 28.621 146.01246827 15.95682077
2011 128 04 08 02.00 1304827682.000 28.662 146.01241112 15.95681793
2011 128 04 08 03.00 1304827683.000 28.662 146.01235405 15.95681482
2011 128 04 08 04.00 1304827684.000 28.608 146.01229660 15.95681213
2011 128 04 08 05.00 1304827685.000 28.518 146.01223907 15.95681007
2011 128 04 08 06.00 1304827686.000 28.543 146.01218190 15.95680865
2011 128 04 08 07.00 1304827687.000 28.619 146.01212583 15.95680797
2011 128 04 08 08.00 1304827688.000 28.718 146.01207072 15.95680855
2011 128 04 08 09.00 1304827689.000 28.656 146.01201642 15.95680955
2011 128 04 08 10.00 1304827690.000 28.477 146.01196223 15.95681152
2011 128 04 08 11.00 1304827691.000 28.276 146.01190695 15.95681423
2011 128 04 08 12.00 1304827692.000 28.119 146.01185035 15.95681627
2011 128 04 08 13.00 1304827693.000 28.116 146.01179357 15.95681597
2011 128 04 08 14.00 1304827694.000 28.305 146.01173720 15.95681277
2011 128 04 08 15.00 1304827695.000 28.602 146.01168153 15.95680888
2011 128 04 08 16.00 1304827696.000 28.846 146.01162503 15.95680575
2011 128 04 08 17.00 1304827697.000 28.920 146.01156697 15.95680437
2011 128 04 08 18.00 1304827698.000 28.830 146.01150805 15.95680470
2011 128 04 08 19.00 1304827699.000 28.781 146.01144982 15.95680542
2011 128 04 08 20.00 1304827700.000 28.770 146.01139313 15.95680675
2011 128 04 08 21.00 1304827701.000 28.756 146.01133742 15.95680918
2011 128 04 08 22.00 1304827702.000 28.681 146.01128138 15.95681282
2011 128 04 08 23.00 1304827703.000 28.445 146.01122517 15.95681670
2011 128 04 08 24.00 1304827704.000 28.262 146.01116945 15.95681827
2011 128 04 08 25.00 1304827705.000 28.108 146.01111432 15.95681630
2011 128 04 08 26.00 1304827706.000 28.118 146.01105897 15.95681152
2011 128 04 08 27.00 1304827707.000 28.250 146.01100308 15.95680542
2011 128 04 08 28.00 1304827708.000 28.491 146.01094718 15.95680102
2011 128 04 08 29.00 1304827709.000 28.723 146.01089133 15.95679980
2011 128 04 08 30.00 1304827710.000 28.879 146.01083458 15.95680062
2011 128 04 08 31.00 1304827711.000 28.881 146.01077688 15.95680288
2011 128 04 08 32.00 1304827712.000 28.820 146.01071902 15.95680708
2011 128 04 08 33.00 1304827713.000 28.693 146.01066165 15.95681265
2011 128 04 08 34.00 1304827714.000 28.606 146.01060478 15.95681740
2011 128 04 08 35.00 1304827715.000 28.661 146.01054813 15.95681803
2011 128 04 08 36.00 1304827716.000 28.684 146.01049153 15.95681502
2011 128 04 08 37.00 1304827717.000 28.536 146.01043507 15.95681163
2011 128 04 08 38.00 1304827718.000 28.275 146.01037937 15.95681023
2011 128 04 08 39.00 1304827719.000 28.154 146.01032425 15.95681092
2011 128 04 08 40.00 1304827720.000 28.237 146.01026913 15.95681212
2011 128 04 08 41.00 1304827721.000 28.376 146.01021330 15.95681185
2011 128 04 08 42.00 1304827722.000 28.508 146.01015705 15.95680982
2011 128 04 08 43.00 1304827723.000 28.626 146.01010080 15.95680805
2011 128 04 08 44.00 1304827724.000 28.688 146.01004468 15.95680803
2011 128 04 08 45.00 1304827725.000 28.736 146.00998828 15.95681013
2011 128 04 08 46.00 1304827726.000 28.753 146.00993142 15.95681363
2011 128 04 08 47.00 1304827727.000 28.685 146.00987412 15.95681650
2011 128 04 08 48.00 1304827728.000 28.590 146.00981653 15.95681717
2011 128 04 08 49.00 1304827729.000 28.522 146.00975932 15.95681527
2011 128 04 08 50.00 1304827730.000 28.488 146.00970310 15.95681315
2011 128 04 08 51.00 1304827731.000 28.508 146.00964753 15.95681350
2011 128 04 08 52.00 1304827732.000 28.502 146.00959245 15.95681538
2011 128 04 08 53.00 1304827733.000 28.470 146.00953725 15.95681702
2011 128 04 08 54.00 1304827734.000 28.448 146.00948075 15.95681680
2011 128 04 08 55.00 1304827735.000 28.385 146.00942367 15.95681412
2011 128 04 08 56.00 1304827736.000 28.390 146.00936682 15.95681183
2011 128 04 08 57.00 1304827737.000 28.475 146.00931095 15.95681095
2011 128 04 08 58.00 1304827738.000 28.705 146.00925522 15.95681100
2011 128 04 08 59.00 1304827739.000 28.886 146.00919927 15.95681158
2011 128 04 09 00.00 1304827740.000 28.895 146.00914278 15.95681158
2011 128 04 09 01.00 1304827741.000 28.744 146.00908548 15.95681035
2011 128 04 09 02.00 1304827742.000 28.539 146.00902790 15.95680913
2011 128 04 09 03.00 1304827743.000 28.445 146.00897162 15.95680860
2011 128 04 09 04.00 1304827744.000 28.505 146.00891612 15.95680858
2011 128 04 09 05.00 1304827745.000 28.523 146.00886000 15.95680905
2011 128 04 09 06.00 1304827746.000 28.488 146.00880323 15.95680992
2011 128 04 09 07.00 1304827747.000 28.402 146.00874662 15.95681025
2011 128 04 09 08.00 1304827748.000 28.440 146.00869023 15.95680932
2011 128 04 09 09.00 1304827749.000 28.549 146.00863413 15.95680737
2011 128 04 09 10.00 1304827750.000 28.717 146.00857802 15.95680520
2011 128 04 09 11.00 1304827751.000 28.848 146.00852162 15.95680350
2011 128 04 09 12.00 1304827752.000 28.832 146.00846505 15.95680225
2011 128 04 09 13.00 1304827753.000 28.746 146.00840828 15.95680183
2011 128 04 09 14.00 1304827754.000 28.598 146.00835117 15.95680230
2011 128 04 09 15.00 1304827755.000 28.478 146.00829433 15.95680365
2011 128 04 09 16.00 1304827756.000 28.484 146.00823745 15.95680432
2011 128 04 09 17.00 1304827757.000 28.511 146.00818098 15.95680352
2011 128 04 09 18.00 1304827758.000 28.457 146.00812492 15.95680295
2011 128 04 09 19.00 1304827759.000 28.399 146.00806860 15.95680212
2011 128 04 09 20.00 1304827760.000 28.411 146.00801207 15.95679973
2011 128 04 09 21.00 1304827761.000 28.548 146.00795543 15.95679582
2011 128 04 09 22.00 1304827762.000 28.636 146.00789870 15.95679238
2011 128 04 09 23.00 1304827763.000 28.621 146.00784257 15.95679085
2011 128 04 09 24.00 1304827764.000 28.559 146.00778625 15.95679040
2011 128 04 09 25.00 1304827765.000 28.537 146.00772897 15.95679012
2011 128 04 09 26.00 1304827766.000 28.612 146.00767110 15.95679047
2011 128 04 09 27.00 1304827767.000 28.685 146.00761367 15.95679287
2011 128 04 09 28.00 1304827768.000 28.748 146.00755682 15.95679605
2011 128 04 09 29.00 1304827769.000 28.770 146.00750037 15.95679708
2011 128 04 09 30.00 1304827770.000 28.724 146.00744385 15.95679545
2011 128 04 09 31.00 1304827771.000 28.572 146.00738667 15.95679245
2011 128 04 09 32.00 1304827772.000 28.319 146.00732920 15.95678860
2011 128 04 09 33.00 1304827773.000 28.179 146.00727208 15.95678410
2011 128 04 09 34.00 1304827774.000 28.239 146.00721602 15.95678007
2011 128 04 09 35.00 1304827775.000 28.388 146.00716095 15.95677732
2011 128 04 09 36.00 1304827776.000 28.543 146.00710587 15.95677613
2011 128 04 09 37.00 1304827777.000 28.581 146.00705005 15.95677643
2011 128 04 09 38.00 1304827778.000 28.545 146.00699322 15.95677773
2011 128 04 09 39.00 1304827779.000 28.608 146.00693552 15.95677880
2011 128 04 09 40.00 1304827780.000 28.733 146.00687803 15.95677890
2011 128 04 09 41.00 1304827781.000 28.817 146.00682102 15.95677982
2011 128 04 09 42.00 1304827782.000 28.756 146.00676360 15.95678073
2011 128 04 09 43.00 1304827783.000 28.593 146.00670588 15.95677943
2011 128 04 09 44.00 1304827784.000 28.555 146.00664827 15.95677520
2011 128 04 09 45.00 1304827785.000 28.590 146.00659162 15.95676925
2011 128 04 09 46.00 1304827786.000 28.650 146.00653517 15.95676473
2011 128 04 09 47.00 1304827787.000 28.568 146.00647850 15.95676380
2011 128 04 09 48.00 1304827788.000 28.381 146.00642168 15.95676610
2011 128 04 09 49.00 1304827789.000 28.213 146.00636555 15.95676920
2011 128 04 09 50.00 1304827790.000 28.194 146.00630998 15.95677117
2011 128 04 09 51.00 1304827791.000 28.335 146.00625445 15.95677008
2011 128 04 09 52.00 1304827792.000 28.582 146.00619830 15.95676613
2011 128 04 09 53.00 1304827793.000 28.818 146.00614150 15.95676105
2011 128 04 09 54.00 1304827794.000 28.904 146.00608413 15.95675710
2011 128 04 09 55.00 1304827795.000 28.844 146.00602633 15.95675478
2011 128 04 09 56.00 1304827796.000 28.741 146.00596837 15.95675395
2011 128 04 09 57.00 1304827797.000 28.669 146.00591028 15.95675413
2011 128 04 09 58.00 1304827798.000 28.632 146.00585243 15.95675475
2011 128 04 09 59.00 1304827799.000 28.567 146.00579510 15.95675613
2011 128 04 10 00.00 1304827800.000 28.405 146.00573798 15.95675725
2011 128 04 10 01.00 1304827801.000 28.309 146.00568147 15.95675617
2011 128 04 10 02.00 1304827802.000 28.351 146.00562535 15.95675222
2011 128 04 10 03.00 1304827803.000 28.552 146.00556965 15.95674650
2011 128 04 10 04.00 1304827804.000 28.744 146.00551412 15.95674140
2011 128 04 10 05.00 1304827805.000 28.739 146.00545780 15.95673988
2011 128 04 10 06.00 1304827806.000 28.605 146.00540042 15.95674145
2011 128 04 10 07.00 1304827807.000 28.498 146.00534212 15.95674340
2011 128 04 10 08.00 1304827808.000 28.581 146.00528457 15.95674365
2011 128 04 10 09.00 1304827809.000 28.727 146.00522828 15.95674378
2011 128 04 10 10.00 1304827810.000 28.787 146.00517218 15.95674523
2011 128 04 10 11.00 1304827811.000 28.616 146.00511465 15.95674722
2011 128 04 10 12.00 1304827812.000 28.468 146.00505558 15.95674618
2011 128 04 10 13.00 1304827813.000 28.473 146.00499665 15.95674057
2011 128 04 10 14.00 1304827814.000 28.553 146.00493892 15.95673323
2011 128 04 10 15.00 1304827815.000 28.595 146.00488250 15.95672880
2011 128 04 10 16.00 1304827816.000 28.569 146.00482557 15.95672795
2011 128 04 10 17.00 1304827817.000 28.504 146.00476863 15.95673027
2011 128 04 10 18.00 1304827818.000 28.526 146.00471272 15.95673472
2011 128 04 10 19.00 1304827819.000 28.595 146.00465747 15.95673918
2011 128 04 10 20.00 1304827820.000 28.649 146.00460113 15.95674322
2011 128 04 10 21.00 1304827821.000 28.582 146.00454352 15.95674523
2011 128 04 10 22.00 1304827822.000 28.479 146.00448567 15.95674447
2011 128 04 10 23.00 1304827823.000 28.484 146.00442860 15.95674197
2011 128 04 10 24.00 1304827824.000 28.533 146.00437182 15.95673875
2011 128 04 10 25.00 1304827825.000 28.646 146.00431478 15.95673575
2011 128 04 10 26.00 1304827826.000 28.662 146.00425710 15.95673462
2011 128 04 10 27.00 1304827827.000 28.561 146.00419838 15.95673447
2011 128 04 10 28.00 1304827828.000 28.413 146.00413993 15.95673495
2011 128 04 10 29.00 1304827829.000 28.384 146.00408265 15.95673548
2011 128 04 10 30.00 1304827830.000 28.488 146.00402672 15.95673570
2011 128 04 10 31.00 1304827831.000 28.712 146.00397093 15.95673622
2011 128 04 10 32.00 1304827832.000 28.792 146.00391447 15.95673793
2011 128 04 10 33.00 1304827833.000 28.686 146.00385700 15.95673997
2011 128 04 10 34.00 1304827834.000 28.458 146.00379937 15.95674088
2011 128 04 10 35.00 1304827835.000 28.333 146.00374195 15.95673945
2011 128 04 10 36.00 1304827836.000 28.333 146.00368472 15.95673623
2011 128 04 10 37.00 1304827837.000 28.458 146.00362748 15.95673343
2011 128 04 10 38.00 1304827838.000 28.615 146.00357020 15.95673250
2011 128 04 10 39.00 1304827839.000 28.783 146.00351277 15.95673343
2011 128 04 10 40.00 1304827840.000 28.800 146.00345507 15.95673587
2011 128 04 10 41.00 1304827841.000 28.682 146.00339683 15.95673822
2011 128 04 10 42.00 1304827842.000 28.519 146.00333793 15.95673885
2011 128 04 10 43.00 1304827843.000 28.494 146.00327937 15.95673718
2011 128 04 10 44.00 1304827844.000 28.615 146.00322222 15.95673470
2011 128 04 10 45.00 1304827845.000 28.667 146.00316617 15.95673290
2011 128 04 10 46.00 1304827846.000 28.574 146.00311000 15.95673228
2011 128 04 10 47.00 1304827847.000 28.415 146.00305315 15.95673170
2011 128 04 10 48.00 1304827848.000 28.339 146.00299603 15.95672995
2011 128 04 10 49.00 1304827849.000 28.396 146.00293892 15.95672763
2011 128 04 10 50.00 1304827850.000 28.443 146.00288222 15.95672673
2011 128 04 10 51.00 1304827851.000 28.453 146.00282497 15.95672757
2011 128 04 10 52.00 1304827852.000 28.532 146.00276727 15.95672882
2011 128 04 10 53.00 1304827853.000 28.687 146.00270953 15.95672930
2011 128 04 10 54.00 1304827854.000 28.836 146.00265198 15.95672837
2011 128 04 10 55.00 1304827855.000 28.881 146.00259427 15.95672542
2011 128 04 10 56.00 1304827856.000 28.752 146.00253577 15.95672195
2011 128 04 10 57.00 1304827857.000 28.564 146.00247690 15.95671978
2011 128 04 10 58.00 1304827858.000 28.441 146.00241880 15.95671955
2011 128 04 10 59.00 1304827859.000 28.484 146.00236197 15.95671878
2011 128 04 11 00.00 1304827860.000 28.539 146.00230578 15.95671540
2011 128 04 11 01.00 1304827861.000 28.484 146.00224973 15.95671020
2011 128 04 11 02.00 1304827862.000 28.368 146.00219305 15.95670500
2011 128 04 11 03.00 1304827863.000 28.320 146.00213572 15.95670185
2011 128 04 11 04.00 1304827864.000 28.339 146.00207808 15.95670138
2011 128 04 11 05.00 1304827865.000 28.456 146.00202073 15.95670280
2011 128 04 11 06.00 1304827866.000 28.528 146.00196292 15.95670420
2011 128 04 11 07.00 1304827867.000 28.574 146.00190480 15.95670465
2011 128 04 11 08.00 1304827868.000 28.654 146.00184723 15.95670403
2011 128 04 11 09.00 1304827869.000 28.766 146.00178998 15.95670155
2011 128 04 11 10.00 1304827870.000 28.865 146.00173183 15.95669685
2011 128 04 11 11.00 1304827871.000 28.821 146.00167237 15.95669045
2011 128 04 11 12.00 1304827872.000 28.625 146.00161308 15.95668370
2011 128 04 11 13.00 1304827873.000 28.423 146.00155497 15.95667815
2011 128 04 11 14.00 1304827874.000 28.353 146.00149823 15.95667535
2011 128 04 11 15.00 1304827875.000 28.401 146.00144207 15.95667562
2011 128 04 11 16.00 1304827876.000 28.480 146.00138580 15.95667823
2011 128 04 11 17.00 1304827877.000 28.488 146.00132868 15.95668205
2011 128 04 11 18.00 1304827878.000 28.440 146.00127060 15.95668500
2011 128 04 11 19.00 1304827879.000 28.375 146.00121222 15.95668525
2011 128 04 11 20.00 1304827880.000 28.426 146.00115370 15.95668228
2011 128 04 11 21.00 1304827881.000 28.577 146.00109517 15.95667752
2011 128 04 11 22.00 1304827882.000 28.756 146.00103650 15.95667298
2011 128 04 11 23.00 1304827883.000 28.790 146.00097808 15.95666940
2011 128 04 11 24.00 1304827884.000 28.718 146.00091972 15.95666737
2011 128 04 11 25.00 1304827885.000 28.614 146.00086150 15.95666720
2011 128 04 11 26.00 1304827886.000 28.538 146.00080287 15.95666778
2011 128 04 11 27.00 1304827887.000 28.558 146.00074418 15.95666875
2011 128 04 11 28.00 1304827888.000 28.581 146.00068607 15.95666945
2011 128 04 11 29.00 1304827889.000 28.574 146.00062873 15.95666988
2011 128 04 11 30.00 1304827890.000 28.495 146.00057202 15.95666962
2011 128 04 11 31.00 1304827891.000 28.412 146.00051537 15.95666832
2011 128 04 11 32.00 1304827892.000 28.421 146.00045895 15.95666525
2011 128 04 11 33.00 1304827893.000 28.462 146.00040228 15.95666132
2011 128 04 11 34.00 1304827894.000 28.470 146.00034495 15.95665900
2011 128 04 11 35.00 1304827895.000 28.422 146.00028757 15.95665968
2011 128 04 11 36.00 1304827896.000 28.391 146.00023013 15.95666198
2011 128 04 11 37.00 1304827897.000 28.529 146.00017250 15.95666382
2011 128 04 11 38.00 1304827898.000 28.739 146.00011528 15.95666410
2011 128 04 11 39.00 1304827899.000 28.878 146.00005862 15.95666335
2011 128 04 11 40.00 1304827900.000 28.836 146.00000258 15.95666300
2011 128 04 11 41.00 1304827901.000 28.687 145.99994665 15.95666435
2011 128 04 11 42.00 1304827902.000 28.556 145.99989055 15.95666635
2011 128 04 11 43.00 1304827903.000 28.474 145.99983390 15.95666710
2011 128 04 11 44.00 1304827904.000 28.445 145.99977698 15.95666580
2011 128 04 11 45.00 1304827905.000 28.434 145.99972110 15.95666332
2011 128 04 11 46.00 1304827906.000 28.445 145.99966615 15.95666093
2011 128 04 11 47.00 1304827907.000 28.461 145.99961153 15.95665990
2011 128 04 11 48.00 1304827908.000 28.511 145.99955652 15.95666075
2011 128 04 11 49.00 1304827909.000 28.613 145.99950110 15.95666190
2011 128 04 11 50.00 1304827910.000 28.727 145.99944565 15.95666283
2011 128 04 11 51.00 1304827911.000 28.759 145.99939068 15.95666297
2011 128 04 11 52.00 1304827912.000 28.667 145.99933648 15.95666322
2011 128 04 11 53.00 1304827913.000 28.493 145.99928228 15.95666478
2011 128 04 11 54.00 1304827914.000 28.383 145.99922745 15.95666725
2011 128 04 11 55.00 1304827915.000 28.458 145.99917202 15.95666888
2011 128 04 11 56.00 1304827916.000 28.640 145.99911695 15.95666840
2011 128 04 11 57.00 1304827917.000 28.769 145.99906288 15.95666677
2011 128 04 11 58.00 1304827918.000 28.676 145.99900962 15.95666522
2011 128 04 11 59.00 1304827919.000 28.505 145.99895633 15.95666513
2011 128 04 12 00.00 1304827920.000 28.436 145.99890258 15.95666603
2011 128 04 12 01.00 1304827921.000 28.532 145.99884857 15.95666768
2011 128 04 12 02.00 1304827922.000 28.693 145.99879495 15.95666962
2011 128 04 12 03.00 1304827923.000 28.709 145.99874153 15.95667130
2011 128 04 12 04.00 1304827924.000 28.651 145.99868842 15.95667222
2011 128 04 12 05.00 1304827925.000 28.604 145.99863582 15.95667125
2011 128 04 12 06.00 1304827926.000 28.577 145.99858335 15.95666983
2011 128 04 12 07.00 1304827927.000 28.495 145.99853060 15.95667058
2011 128 04 12 08.00 1304827928.000 28.349 145.99847730 15.95667373
2011 128 04 12 09.00 1304827929.000 28.244 145.99842375 15.95667770
2011 128 04 12 10.00 1304827930.000 28.391 145.99837107 15.95668162
2011 128 04 12 11.00 1304827931.000 28.734 145.99831963 15.95668402
2011 128 04 12 12.00 1304827932.000 28.996 145.99826837 15.95668562
2011 128 04 12 13.00 1304827933.000 28.958 145.99821627 15.95668712
2011 128 04 12 14.00 1304827934.000 28.743 145.99816352 15.95668803
2011 128 04 12 15.00 1304827935.000 28.548 145.99811087 15.95668833
2011 128 04 12 16.00 1304827936.000 28.459 145.99805872 15.95668860
2011 128 04 12 17.00 1304827937.000 28.465 145.99800718 15.95668915
2011 128 04 12 18.00 1304827938.000 28.410 145.99795560 15.95668982
2011 128 04 12 19.00 1304827939.000 28.370 145.99790418 15.95669090
2011 128 04 12 20.00 1304827940.000 28.345 145.99785327 15.95669407
2011 128 04 12 21.00 1304827941.000 28.442 145.99780295 15.95669988
2011 128 04 12 22.00 1304827942.000 28.554 145.99775263 15.95670607
2011 128 04 12 23.00 1304827943.000 28.722 145.99770228 15.95671012
2011 128 04 12 24.00 1304827944.000 28.823 145.99765180 15.95671178
2011 128 04 12 25.00 1304827945.000 28.846 145.99760060 15.95671218
2011 128 04 12 26.00 1304827946.000 28.776 145.99754907 15.95671290
2011 128 04 12 27.00 1304827947.000 82.375 145.99749825 15.95671415
